circle
255
255
255
255
255
255
255
255
255
255
255
255
255
255
255
255
255
255
255
255
255
255
255
255
255
255
255
255
255
255
255
255
255
255
255
255
255
255
255
255
255
255
255
255
255
255
255
255
241
177
107
43
0
0
0
0
0
0
43
107
177
241
255
255
255
255
255
255
255
255
255
255
255
255
255
255
255
255
255
255
255
255
255
255
255
255
255
255
255
255
255
255
255
255
255
255
255
255
255
255
255
255
255
255
255
255
255
255
255
255
255
255
255
255
255
255
255
255
255
255
255
255
255
255
255
255
255
255
255
255
255
255
255
255
255
255
255
255
255
255
255
255
255
255
255
255
255
255
232
171
103
42
0
0
0
0
0
0
42
103
171
232
255
255
255
255
255
255
255
255
255
255
255
255
255
255
255
255
255
255
255
255
255
255
255
255
255
255
255
255
255
255
255
255
255
255
255
255
255
255
255
255
255
255
255
255
255
255
255
255
255
255
255
255
255
255
255
255
255
255
255
255
255
255
255
255
255
255
255
255
255
255
255
255
255
255
255
255
255
255
255
255
255
255
255
255
255
255
216
159
96
39
0
0
0
0
0
0
39
96
159
216
255
255
255
255
255
255
255
255
255
255
255
255
255
255
255
255
255
255
255
255
255
255
255
255
255
255
255
255
255
255
255
255
255
255
255
255
255
255
255
255
255
255
255
255
255
255
255
255
255
255
255
255
255
255
255
255
255
255
255
255
255
255
255
255
255
255
255
255
255
255
255
255
255
255
255
255
253
244
234
225
219
218
217
216
215
215
181
132
78
30
0
0
0
0
0
0
30
78
132
181
215
215
215
215
215
215
215
215
215
215
215
221
231
242
252
255
255
255
255
255
255
255
255
255
255
255
255
255
255
255
255
255
255
255
255
255
255
255
255
255
255
255
255
255
255
255
255
255
255
255
255
255
255
255
255
255
255
255
255
255
255
255
255
255
255
255
255
255
255
255
255
255
255
255
255
255
251
228
204
181
166
164
161
158
156
154
129
92
51
14
0
0
0
0
0
0
14
51
92
129
154
154
154
154
154
154
154
154
154
154
154
171
196
224
249
255
255
255
255
255
255
255
255
255
255
255
255
255
255
255
255
255
255
255
255
255
255
255
255
255
255
255
255
255
255
255
255
255
255
255
255
255
255
255
255
255
255
255
255
255
255
255
255
255
255
255
255
255
255
255
255
255
255
255
255
255
247
209
167
129
103
100
97
92
88
86
70
47
21
0
0
0
0
0
0
0
0
21
47
70
86
86
86
86
86
86
86
86
86
86
86
114
156
202
244
255
255
255
255
255
255
255
255
255
255
255
255
255
255
255
255
255
255
255
255
255
255
255
255
255
255
255
255
255
255
255
255
255
255
255
255
255
255
255
255
255
255
255
255
255
255
255
255
255
255
255
255
255
255
255
255
255
255
255
255
255
236
185
128
77
42
40
36
32
29
26
20
10
0
0
0
0
0
0
0
0
0
0
10
20
26
26
26
26
26
26
26
26
26
26
26
64
118
179
234
255
255
255
255
255
255
255
255
255
255
255
255
255
255
255
255
255
255
255
255
255
255
255
255
255
255
255
255
255
255
255
255
255
255
255
255
255
255
255
255
255
255
255
255
255
255
255
255
255
255
255
255
255
255
255
255
255
255
255
255
255
216
159
96
39
0
0
0
0
0
0
0
0
0
0
0
0
0
0
0
0
0
0
0
0
0
0
0
0
0
0
0
0
0
0
0
39
96
159
216
255
255
255
255
255
255
255
255
255
255
255
255
255
255
255
255
255
255
255
255
255
255
255
255
255
255
255
255
255
255
255
255
255
255
255
255
255
255
255
255
255
255
255
255
255
255
255
255
255
255
255
253
243
232
223
216
216
215
214
213
212
177
125
67
15
0
0
0
6
16
22
25
29
33
36
39
39
39
39
39
39
36
33
29
25
22
22
22
22
22
22
22
22
22
22
22
51
94
141
183
212
212
212
212
212
212
219
230
242
252
255
255
255
255
255
255
255
255
255
255
255
255
255
255
255
255
255
255
255
255
255
255
255
255
255
255
255
255
255
255
255
255
255
255
255
255
255
255
255
255
255
251
227
200
176
159
157
155
151
149
147
120
80
36
0
0
0
10
37
61
78
80
84
89
93
96
96
96
96
96
96
93
89
84
80
78
78
78
78
78
78
78
78
78
78
78
88
104
121
136
147
147
147
147
147
147
165
193
223
250
255
255
255
255
255
255
255
255
255
255
255
255
255
255
255
255
255
255
255
255
255
255
255
255
255
255
255
255
255
255
255
255
255
255
255
255
255
255
255
255
255
246
207
163
123
96
93
89
84
80
78
61
37
10
0
0
0
36
80
120
147
149
151
155
157
159
159
159
159
159
159
157
155
151
149
147
147
147
147
147
147
147
147
147
147
147
136
121
104
88
78
78
78
78
78
78
108
152
201
245
255
255
255
255
255
255
255
255
255
255
255
255
255
255
255
255
255
255
255
255
255
255
255
255
255
255
255
255
255
255
255
255
255
255
255
255
255
255
255
255
255
236
184
126
74
39
36
33
29
25
22
16
6
0
0
0
15
67
125
177
212
213
214
215
216
216
216
216
216
216
216
216
215
214
213
212
212
212
212
212
212
212
212
212
212
212
183
141
94
51
22
22
22
22
22
22
61
117
179
234
255
255
255
255
255
255
255
255
255
255
255
255
255
255
255
255
255
255
255
255
255
255
255
255
255
255
255
255
255
255
255
255
255
255
255
255
255
255
255
255
255
216
159
96
39
0
0
0
0
0
0
0
0
0
0
0
39
96
159
216
255
255
255
255
255
255
255
255
255
255
255
255
255
255
255
255
255
255
255
255
255
255
255
255
255
255
216
159
96
39
0
0
0
0
0
0
39
96
159
216
255
255
255
255
255
255
255
255
255
255
255
255
255
255
255
255
255
255
255
255
255
255
255
255
255
255
255
255
255
255
255
255
255
255
255
255
253
243
232
223
216
180
127
69
16
0
0
0
6
16
22
25
29
33
36
39
74
126
184
236
255
255
255
255
255
255
255
255
255
255
255
255
255
255
255
255
255
255
255
255
255
255
255
255
255
255
233
178
116
61
22
22
22
22
22
22
51
93
140
184
216
220
229
241
252
255
255
255
255
255
255
255
255
255
255
255
255
255
255
255
255
255
255
255
255
255
255
255
255
255
255
255
255
255
255
255
251
227
200
176
159
130
88
41
0
0
0
10
37
61
78
80
84
89
93
96
123
163
207
246
255
255
255
255
255
255
255
255
255
255
255
255
255
255
255
255
255
255
255
255
255
255
255
255
255
255
243
200
151
107
78
78
78
78
78
78
88
103
121
139
159
168
192
221
249
255
255
255
255
255
255
255
255
255
255
255
255
255
255
255
255
255
255
255
255
255
255
255
255
255
255
255
255
255
255
255
246
207
163
123
96
77
48
17
0
0
0
36
80
120
147
149
151
155
157
159
176
200
227
251
255
255
255
255
255
255
255
255
255
255
255
255
255
255
255
255
255
255
255
255
255
255
255
255
255
255
249
222
192
165
147
147
147
147
147
147
136
119
103
92
96
111
150
198
243
255
255
255
255
255
255
255
255
255
255
255
255
255
255
255
255
255
255
255
255
255
255
255
255
255
255
255
255
255
255
255
236
184
126
74
39
30
16
2
0
0
15
67
125
177
212
213
214
215
216
216
223
232
243
253
255
255
255
255
255
255
255
255
255
255
255
255
255
255
255
255
255
255
255
255
255
255
255
255
255
255
252
241
230
219
212
212
212
212
212
212
182
136
88
50
39
59
110
173
232
255
255
255
255
255
255
255
255
255
255
255
255
255
255
255
255
255
255
255
255
255
255
255
255
255
255
255
255
255
255
255
216
159
96
39
0
0
0
0
0
0
39
96
159
216
255
255
255
255
255
255
255
255
255
255
255
255
255
255
255
255
255
255
255
255
255
255
255
255
255
255
255
255
255
255
255
255
255
255
255
255
255
255
255
255
255
255
255
255
255
255
212
147
78
22
0
22
78
147
212
255
255
255
255
255
255
255
255
255
255
255
255
255
255
255
255
255
255
255
255
255
255
255
255
255
255
253
243
232
223
216
180
127
69
16
0
0
2
16
30
39
74
126
184
236
255
255
255
255
255
255
255
255
255
255
255
255
255
255
255
255
255
255
255
255
255
255
255
255
255
255
255
255
255
255
255
255
255
255
255
255
255
255
255
255
255
255
255
255
255
255
223
151
73
9
0
0
52
116
177
216
223
232
242
250
255
255
255
255
255
255
255
255
255
255
255
255
255
255
255
255
255
255
255
255
255
251
227
200
176
159
130
88
41
0
0
0
17
48
77
96
123
163
207
246
255
255
255
255
255
255
255
255
255
255
255
255
255
255
255
255
255
255
255
255
255
255
255
255
255
255
255
255
255
255
255
255
255
255
255
255
255
255
255
255
255
255
255
255
255
255
224
151
71
4
0
0
29
80
128
159
176
199
222
242
255
255
255
255
255
255
255
255
255
255
255
255
255
255
255
255
255
255
255
255
255
246
207
163
123
96
77
48
17
0
0
0
41
88
130
159
176
200
227
251
255
255
255
255
255
255
255
255
255
255
255
255
255
255
255
255
255
255
255
255
255
255
255
255
255
255
255
255
255
255
255
255
255
255
255
255
255
255
255
255
255
255
255
255
255
255
220
150
74
8
0
0
10
44
76
96
123
161
200
233
255
255
255
255
255
255
255
255
255
255
255
255
255
255
255
255
255
255
255
255
255
236
184
126
74
39
30
16
2
0
0
16
69
127
180
216
223
232
243
253
255
255
255
255
255
255
255
255
255
255
255
255
255
255
255
255
255
255
255
255
255
255
255
255
255
255
255
255
255
255
255
255
255
255
255
255
255
255
255
255
255
255
255
255
255
255
216
152
82
19
0
0
0
16
30
39
75
127
180
225
255
255
255
255
255
255
255
255
255
255
255
255
255
255
255
255
255
255
255
255
255
216
159
96
39
0
0
0
0
0
0
39
96
159
216
255
255
255
255
255
255
255
255
255
255
255
255
255
255
255
255
255
255
255
255
255
255
255
255
255
255
255
255
255
255
255
255
255
255
255
255
255
255
255
255
255
255
255
255
255
255
255
255
255
255
255
216
159
96
39
0
0
0
0
0
0
42
103
166
219
255
255
255
255
255
255
255
255
255
255
255
255
255
255
255
255
253
243
232
223
216
180
127
69
16
0
0
2
16
30
39
74
126
184
236
255
255
255
255
255
255
255
255
255
255
255
255
255
255
255
255
255
255
255
255
255
255
255
255
255
255
255
255
255
255
255
255
255
255
255
255
255
255
255
255
255
255
255
255
255
255
255
255
255
255
255
222
174
121
73
39
31
17
2
0
0
26
91
158
216
255
255
255
255
255
255
255
255
255
255
255
255
255
255
255
255
251
227
200
176
159
130
88
41
0
0
0
17
48
77
96
123
163
207
246
255
255
255
255
255
255
255
255
255
255
255
255
255
255
255
255
255
255
255
255
255
255
255
255
255
255
255
255
255
255
255
255
255
255
255
255
255
255
255
255
255
255
255
255
255
255
255
255
255
255
255
231
196
157
121
96
78
50
19
0
0
21
86
155
215
255
255
255
255
255
255
255
255
255
255
255
255
255
255
255
255
246
207
163
123
96
77
48
17
0
0
0
41
88
130
159
176
200
227
251
255
255
255
255
255
255
255
255
255
255
255
255
255
255
255
255
255
255
255
255
255
255
255
255
255
255
255
255
255
255
255
255
255
255
255
255
255
255
255
255
255
255
255
255
255
255
255
255
255
255
255
241
219
196
175
159
131
88
42
4
0
22
85
154
215
255
255
255
255
255
255
255
255
255
255
255
255
255
255
255
255
236
184
126
74
39
30
16
2
0
0
16
69
127
180
216
223
232
243
253
255
255
255
255
255
255
255
255
255
255
255
255
255
255
255
255
255
255
255
255
255
255
255
255
255
255
255
255
255
255
255
255
255
255
255
255
255
255
255
255
255
255
255
255
255
255
255
255
255
255
255
249
241
231
222
216
179
123
64
15
0
25
86
154
215
255
255
255
255
255
255
255
255
255
255
255
255
255
255
255
255
216
159
96
39
0
0
0
0
0
0
39
96
159
216
255
255
255
255
255
255
255
255
255
255
255
255
255
255
255
255
255
255
255
255
255
255
255
255
255
255
255
255
255
255
255
255
255
255
255
255
255
255
255
255
255
255
255
255
255
255
255
255
255
255
255
255
255
255
255
255
255
255
255
255
255
212
147
78
22
0
26
86
154
215
255
255
255
255
255
255
255
255
255
255
255
249
241
231
222
216
180
127
69
16
0
0
2
16
30
39
74
126
184
236
255
255
255
255
255
255
255
255
255
255
255
255
255
255
255
255
255
255
255
255
255
255
255
255
255
255
255
255
255
255
255
255
255
255
255
255
255
255
255
255
255
255
255
255
255
255
255
255
255
255
255
255
255
255
255
255
255
255
255
255
255
226
156
83
23
0
25
85
153
215
255
255
255
255
255
255
255
255
255
255
255
241
219
196
175
159
131
89
41
0
0
0
17
48
77
96
123
163
207
246
255
255
255
255
255
255
255
255
255
255
255
255
255
255
255
255
255
255
255
255
255
255
255
255
255
255
255
255
255
255
255
255
255
255
255
255
255
255
255
255
255
255
255
255
255
255
255
255
255
255
255
255
255
255
255
255
255
255
255
255
255
227
158
84
24
0
25
85
153
215
255
255
255
255
255
255
255
255
255
255
255
231
196
157
121
96
78
50
18
0
0
0
41
88
130
159
176
200
227
251
255
255
255
255
255
255
255
255
255
255
255
255
255
255
255
255
255
255
255
255
255
255
255
255
255
255
255
255
255
255
255
255
255
255
255
255
255
255
255
255
255
255
255
255
255
255
255
255
255
255
255
255
255
255
255
255
255
255
255
255
255
222
154
82
23
0
25
85
153
215
255
255
255
255
255
255
255
255
255
255
255
222
174
121
73
39
31
18
3
0
0
16
69
127
180
216
223
232
243
253
255
255
255
255
255
255
255
255
255
255
255
255
255
255
255
255
255
255
255
255
255
255
255
255
255
255
255
255
255
255
255
255
255
255
255
255
255
255
255
255
255
255
255
255
255
255
255
255
255
255
255
255
255
255
255
255
255
255
255
255
255
215
149
79
22
0
26
86
154
215
255
255
255
255
255
255
255
255
255
255
255
216
159
96
39
0
0
0
0
0
0
39
96
159
216
255
255
255
255
255
255
255
255
255
255
255
255
255
255
255
255
255
255
255
255
255
255
255
255
255
255
255
255
255
255
255
255
255
255
255
255
255
255
255
255
255
255
255
255
255
255
255
255
255
255
255
255
255
255
255
255
255
255
255
255
255
255
255
255
255
255
212
147
78
22
0
26
86
154
215
255
255
255
255
255
255
255
255
255
255
255
213
151
83
23
0
0
2
16
30
39
74
126
184
236
255
255
255
255
255
255
255
255
255
255
255
255
255
255
255
255
255
255
255
255
255
255
255
255
255
255
255
255
255
255
255
255
255
255
255
255
255
255
255
255
255
255
255
255
255
255
255
255
255
255
255
255
255
255
255
255
255
255
255
255
255
255
255
255
255
255
212
147
78
22
0
26
87
156
218
255
255
255
255
255
255
255
255
255
255
255
212
148
78
17
0
0
18
48
77
96
123
163
207
246
255
255
255
255
255
255
255
255
255
255
255
255
255
255
255
255
255
255
255
255
255
255
255
255
255
255
255
255
255
255
255
255
255
255
255
255
255
255
255
255
255
255
255
255
255
255
255
255
255
255
255
255
255
255
255
255
255
255
255
255
255
255
255
255
255
255
212
146
77
21
0
27
90
161
225
255
255
255
255
255
255
255
255
255
255
255
212
147
77
18
0
3
41
87
130
159
176
200
227
251
255
255
255
255
255
255
255
255
255
255
255
255
255
255
255
255
255
255
255
255
255
255
255
255
255
255
255
255
255
255
255
255
255
255
255
255
255
255
255
255
255
255
255
255
255
255
255
255
255
255
255
255
255
255
255
255
255
255
255
255
255
255
255
255
255
255
212
146
77
21
0
28
92
165
230
255
255
255
255
255
255
255
255
255
255
255
212
147
78
21
0
15
64
123
179
216
223
232
243
253
255
255
255
255
255
255
255
255
255
255
255
255
255
255
255
255
255
255
255
255
255
255
255
255
255
255
255
255
255
255
255
255
255
255
255
255
255
255
255
255
255
255
255
255
255
255
255
255
255
255
255
255
255
255
255
255
255
255
255
255
255
255
255
255
255
255
212
146
77
21
0
28
92
164
229
255
255
255
255
255
255
255
255
255
255
255
212
147
78
22
0
22
78
147
212
255
255
255
255
255
255
255
255
255
255
255
255
255
255
255
255
255
255
255
255
255
255
255
255
255
255
255
255
255
255
255
255
255
255
255
255
255
255
255
255
255
255
255
255
255
255
255
255
255
255
255
255
255
255
255
255
255
255
255
255
255
255
255
255
255
255
255
255
255
255
255
212
147
78
22
0
26
86
154
215
255
255
255
255
255
255
255
255
255
255
255
212
146
77
21
0
23
83
156
226
255
255
255
255
255
255
255
255
255
255
255
255
255
255
255
255
255
255
255
255
255
255
255
255
255
255
255
255
255
255
255
255
255
255
255
255
255
255
255
255
255
255
255
255
255
255
255
255
255
255
255
255
255
255
255
255
255
255
255
255
255
255
255
255
255
255
255
255
255
255
255
212
147
78
21
0
19
70
129
182
216
216
216
255
255
255
255
255
255
255
255
212
146
77
21
0
24
84
158
227
255
255
255
255
255
255
255
255
255
255
255
255
255
255
255
255
255
255
255
255
255
255
255
255
255
255
255
255
255
255
255
255
255
255
255
255
255
255
255
255
255
255
255
255
255
255
255
255
255
255
255
255
255
255
255
255
255
255
255
255
255
255
255
255
255
255
255
255
255
255
255
212
147
77
18
0
6
46
92
132
159
159
159
255
255
255
255
255
255
255
255
212
146
77
21
0
23
82
154
222
255
255
255
255
255
255
255
255
255
255
255
255
255
255
255
255
255
255
255
255
255
255
255
255
255
255
255
255
255
255
255
255
255
255
255
255
255
255
255
255
255
255
255
255
255
255
255
255
255
255
255
255
255
255
255
255
255
255
255
255
255
255
255
255
255
255
255
255
255
255
255
212
148
78
17
0
0
21
51
78
96
96
96
255
255
255
255
255
255
255
255
212
147
78
22
0
22
79
149
215
255
255
255
255
255
255
255
255
255
255
255
255
255
255
255
255
255
255
255
255
255
255
255
255
255
255
255
255
255
255
255
255
255
255
255
255
255
255
255
255
255
255
255
255
255
255
255
255
255
255
255
255
255
255
255
255
255
255
255
255
255
255
255
255
255
255
255
255
255
255
255
213
151
83
23
0
0
3
18
30
39
39
39
255
255
255
255
255
255
255
255
212
147
78
22
0
22
78
147
212
255
255
255
255
255
255
255
255
255
255
255
255
255
255
255
255
255
255
255
255
255
255
255
255
255
255
255
255
255
255
255
255
255
255
255
255
255
255
255
255
255
255
255
255
255
255
255
255
255
255
255
255
255
255
255
255
255
255
255
255
255
255
255
255
255
255
255
255
255
255
255
216
159
96
39
0
0
0
0
0
0
0
0
255
255
255
255
255
255
255
255
212
147
78
22
0
22
78
147
212
255
255
255
255
255
255
255
255
255
255
255
255
255
255
255
255
255
255
255
255
255
255
255
255
255
255
255
255
255
255
255
255
255
255
255
255
255
255
255
255
255
255
255
255
255
255
255
255
255
255
255
255
255
255
255
255
255
255
255
255
255
255
255
255
255
255
255
255
255
255
255
222
174
121
73
39
31
18
4
0
0
0
0
255
255
255
255
255
255
255
255
212
147
78
22
0
22
78
147
212
255
255
255
255
255
255
255
255
255
255
255
255
255
255
255
255
255
255
255
255
255
255
255
255
255
255
255
255
255
255
255
255
255
255
255
255
255
255
255
255
255
255
255
255
255
255
255
255
255
255
255
255
255
255
255
255
255
255
255
255
255
255
255
255
255
255
255
255
255
255
255
231
196
157
121
96
78
51
22
0
0
0
0
255
255
255
255
255
255
255
255
212
147
78
22
0
22
78
147
212
255
255
255
255
255
255
255
255
255
255
255
255
255
255
255
255
255
255
255
255
255
255
255
255
255
255
255
255
255
255
255
255
255
255
255
255
255
255
255
255
255
255
255
255
255
255
255
255
255
255
255
255
255
255
255
255
255
255
255
255
255
255
255
255
255
255
255
255
255
255
255
241
219
196
175
159
132
91
48
12
0
0
0
255
255
255
255
255
255
255
255
212
147
78
22
0
22
78
147
212
255
255
255
255
255
255
255
255
255
255
255
255
255
255
255
255
255
255
255
255
255
255
255
255
255
255
255
255
255
255
255
255
255
255
255
255
255
255
255
255
255
255
255
255
255
255
255
255
255
255
255
255
255
255
255
255
255
255
255
255
255
255
255
255
255
255
255
255
255
255
255
249
241
231
222
216
180
128
73
27
0
0
0
255
255
255
255
255
255
255
255
212
147
78
22
0
22
78
147
212
255
255
255
255
255
255
255
255
255
255
255
255
255
255
255
255
255
255
255
255
255
255
255
255
255
255
255
255
255
255
255
255
255
255
255
255
255
255
255
255
255
255
255
255
255
255
255
255
255
255
255
255
255
255
255
255
255
255
255
255
255
255
255
255
255
255
255
255
255
255
255
255
255
255
255
255
213
152
89
36
0
0
0
255
255
255
255
255
255
255
255
212
147
78
22
0
22
78
147
212
255
255
255
255
255
255
255
255
255
255
255
255
255
255
255
255
255
255
255
255
255
255
255
255
255
255
255
255
255
255
255
255
255
255
255
255
255
255
255
255
255
255
255
255
255
255
255
255
255
255
255
255
255
255
255
255
255
255
255
255
255
255
255
255
255
255
255
255
255
255
255
255
255
255
255
255
227
162
95
38
0
0
0
255
255
255
255
255
255
255
255
212
147
78
22
0
22
78
147
212
255
255
255
255
255
255
255
255
255
255
255
255
255
255
255
255
255
255
255
255
255
255
255
255
255
255
255
255
255
255
255
255
255
255
255
255
255
255
255
255
255
255
255
255
255
255
255
255
255
255
255
255
255
255
255
255
255
255
255
255
255
255
255
255
255
255
255
255
255
255
255
255
255
255
255
255
228
163
95
39
0
0
0
255
255
255
255
255
255
255
255
212
147
78
22
0
22
78
147
212
255
255
255
255
255
255
255
255
255
255
255
255
255
255
255
255
255
255
255
255
255
255
255
255
255
255
255
255
255
255
255
255
255
255
255
255
255
255
255
255
255
255
255
255
255
255
255
255
255
255
255
255
255
255
255
255
255
255
255
255
255
255
255
255
255
255
255
255
255
255
255
255
255
255
255
255
223
159
93
38
0
0
0
255
255
255
255
255
255
255
255
212
147
78
22
0
22
78
147
212
255
255
255
255
255
255
255
255
255
255
255
255
255
255
255
255
255
255
255
255
255
255
255
255
255
255
255
255
255
255
255
255
255
255
255
255
255
255
255
255
255
255
255
255
255
255
255
255
255
255
255
255
255
255
255
255
255
255
255
255
255
255
255
255
255
255
255
255
255
255
255
255
255
255
255
255
216
154
90
37
0
0
0
255
255
255
255
255
255
255
255
212
147
78
22
0
22
78
147
212
255
255
255
255
255
255
255
255
255
255
255
255
255
255
255
255
255
255
255
255
255
255
255
255
255
255
255
255
255
255
255
255
255
255
255
255
255
255
255
255
255
255
255
255
255
255
255
255
255
255
255
255
255
255
255
255
255
255
255
255
255
255
255
255
255
255
255
255
255
255
255
255
255
255
255
255
213
152
89
36
0
0
0
255
255
255
255
255
255
255
255
211
145
75
18
0
19
77
148
215
255
255
255
255
255
255
255
255
255
255
255
255
255
255
255
255
255
255
255
255
255
255
255
255
255
255
255
255
255
255
255
255
255
255
255
255
255
255
255
255
255
255
255
255
255
255
255
255
255
255
255
255
255
255
255
255
255
255
255
255
255
255
255
255
255
255
255
255
255
255
255
255
255
255
255
255
213
152
89
36
0
0
0
255
255
255
255
255
255
255
255
210
142
70
11
0
13
75
150
221
255
255
255
255
255
255
255
255
255
255
255
255
255
255
255
255
255
255
255
255
255
255
255
255
255
255
255
255
255
255
255
255
255
255
255
255
255
255
255
255
255
255
255
255
255
255
255
255
255
255
255
255
255
255
255
255
255
255
255
255
255
255
255
255
255
255
255
255
255
255
255
255
255
255
255
255
213
152
89
36
0
0
0
255
255
255
255
255
255
255
255
209
139
65
5
0
8
73
152
226
255
255
255
255
255
255
255
255
255
255
255
255
255
255
255
255
255
255
255
255
255
255
255
255
255
255
255
255
255
255
255
255
255
255
255
255
255
255
255
255
255
255
255
255
255
255
255
255
255
255
255
255
255
255
255
255
255
255
255
255
255
255
255
255
255
255
255
255
255
255
255
255
255
255
255
255
213
152
89
36
0
0
0
255
255
255
255
255
255
255
255
209
140
67
7
0
10
74
151
224
255
255
255
255
255
255
255
255
255
255
255
255
255
255
255
255
255
255
255
255
255
255
255
255
255
255
255
255
255
255
255
255
255
255
255
255
255
255
255
255
255
255
255
255
255
255
255
255
255
255
255
255
255
255
255
255
255
255
255
255
255
255
255
255
255
255
255
255
255
255
255
255
255
255
255
255
213
152
89
36
0
0
0
255
255
255
255
255
255
255
255
212
147
78
22
0
22
78
147
212
255
255
255
255
255
255
255
255
255
255
255
255
255
255
255
255
255
255
255
255
255
255
255
255
255
255
255
255
255
255
255
255
255
255
255
255
255
255
255
255
255
255
255
255
255
255
255
255
255
255
255
255
255
255
255
255
255
255
255
255
255
255
255
255
255
255
255
255
255
255
255
255
255
255
255
255
213
152
89
36
0
0
0
255
255
255
255
255
255
255
255
219
163
105
57
39
51
88
137
183
216
220
228
239
248
255
255
255
255
255
255
255
255
255
255
255
255
255
255
255
255
255
255
255
255
255
255
255
255
255
255
255
255
255
255
255
255
255
255
255
255
255
255
255
255
255
255
255
255
255
255
255
255
255
255
255
255
255
255
255
255
255
255
255
255
255
255
255
255
255
255
255
255
255
255
255
216
154
90
37
0
0
0
255
255
255
255
255
255
255
255
228
188
145
110
96
93
104
121
141
159
167
188
214
239
255
255
255
255
255
255
255
255
255
255
255
255
255
255
255
255
255
255
255
255
255
255
255
255
255
255
255
255
255
255
255
255
255
255
255
255
255
255
255
255
255
255
255
255
255
255
255
255
255
255
255
255
255
255
255
255
255
255
255
255
255
255
255
255
255
255
255
255
255
255
255
223
159
93
38
0
0
0
255
255
255
255
255
255
255
255
239
214
188
167
159
141
121
104
93
96
110
145
188
228
255
255
255
255
255
255
255
255
255
255
255
255
255
255
255
255
255
255
255
255
255
255
255
255
255
255
255
255
255
255
255
255
255
255
255
255
255
255
255
255
255
255
255
255
255
255
255
255
255
255
255
255
255
255
255
255
255
255
255
255
255
255
255
255
255
255
255
255
255
255
255
228
163
95
39
0
0
0
255
255
255
255
255
255
255
255
248
239
228
220
216
183
137
88
51
39
57
105
163
219
255
255
255
255
255
255
255
255
255
255
255
255
255
255
255
255
255
255
255
255
255
255
255
255
255
255
255
255
255
255
255
255
255
255
255
255
255
255
255
255
255
255
255
255
255
255
255
255
255
255
255
255
255
255
255
255
255
255
255
255
255
255
255
255
255
255
255
255
255
255
255
227
162
95
38
0
0
0
255
255
255
255
255
255
255
255
255
255
255
255
255
212
147
78
22
0
22
78
147
212
255
255
255
255
255
255
255
255
255
255
255
255
255
255
255
255
255
255
255
255
255
255
255
255
255
255
255
255
255
255
255
255
255
255
255
255
255
255
255
255
255
255
255
255
255
255
255
255
255
255
255
255
255
255
255
255
255
255
255
255
255
255
255
255
255
255
255
255
255
255
255
213
152
89
36
0
0
0
255
255
255
255
255
255
255
255
255
255
255
255
255
224
151
74
10
0
7
67
140
209
255
255
255
255
255
255
255
255
255
255
255
255
255
255
255
255
255
255
255
255
255
255
255
255
255
255
255
255
255
255
255
255
255
255
255
255
255
255
255
255
255
255
255
255
255
255
255
255
255
255
255
255
255
255
255
255
255
255
255
255
255
255
255
255
255
255
249
241
231
222
216
180
128
73
27
0
0
0
255
255
255
255
255
255
255
255
255
255
255
255
255
226
152
73
8
0
5
65
139
209
255
255
255
255
255
255
255
255
255
255
255
255
255
255
255
255
255
255
255
255
255
255
255
255
255
255
255
255
255
255
255
255
255
255
255
255
255
255
255
255
255
255
255
255
255
255
255
255
255
255
255
255
255
255
255
255
255
255
255
255
255
255
255
255
255
255
241
219
196
175
159
132
91
48
12
0
0
0
255
255
255
255
255
255
255
255
255
255
255
255
255
221
150
75
13
0
11
70
142
210
255
255
255
255
255
255
255
255
255
255
255
255
255
255
255
255
255
255
255
255
255
255
255
255
255
255
255
255
255
255
255
255
255
255
255
255
255
255
255
255
255
255
255
255
255
255
255
255
255
255
255
255
255
255
255
255
255
255
255
255
255
255
255
255
255
255
231
196
157
121
96
78
51
22
0
0
0
0
255
255
255
255
255
255
255
255
255
255
255
255
255
215
148
77
19
0
18
75
145
211
255
255
255
255
255
255
255
255
255
255
255
255
255
255
255
255
255
255
255
255
255
255
255
255
255
255
255
255
255
255
255
255
255
255
255
255
255
255
255
255
255
255
255
255
255
255
255
255
255
255
255
255
255
255
255
255
255
255
255
255
255
255
255
255
255
255
222
174
121
73
39
31
18
4
0
0
0
0
255
255
255
255
255
255
255
255
255
255
255
255
255
212
147
78
22
0
22
78
147
212
255
255
255
255
255
255
255
255
255
255
255
255
255
255
255
255
255
255
255
255
255
255
255
255
255
255
255
255
255
255
255
255
255
255
255
255
255
255
255
255
255
255
255
255
255
255
255
255
255
255
255
255
255
255
255
255
255
255
255
255
255
255
255
255
255
255
216
159
96
39
0
0
0
0
0
0
0
0
255
255
255
255
255
255
255
255
255
255
255
255
255
212
147
78
22
0
22
78
147
212
255
255
255
255
255
255
255
255
255
255
255
255
255
255
255
255
255
255
255
255
255
255
255
255
255
255
255
255
255
255
255
255
255
255
255
255
255
255
255
255
255
255
255
255
255
255
255
255
255
255
255
255
255
255
255
255
255
255
255
255
255
255
255
255
255
255
213
151
83
23
0
0
3
18
30
39
39
39
255
255
255
255
255
255
255
255
255
255
255
255
255
212
147
78
22
0
22
78
147
212
255
255
255
255
255
255
255
255
255
255
255
255
255
255
255
255
255
255
255
255
255
255
255
255
255
255
255
255
255
255
255
255
255
255
255
255
255
255
255
255
255
255
255
255
255
255
255
255
255
255
255
255
255
255
255
255
255
255
255
255
255
255
255
255
255
255
212
148
78
17
0
0
21
51
78
96
96
96
255
255
255
255
255
255
255
255
255
255
255
255
255
212
147
78
22
0
22
78
147
212
255
255
255
255
255
255
255
255
255
255
255
255
255
255
255
255
255
255
255
255
255
255
255
255
255
255
255
255
255
255
255
255
255
255
255
255
255
255
255
255
255
255
255
255
255
255
255
255
255
255
255
255
255
255
255
255
255
255
255
255
255
255
255
255
255
255
212
147
77
18
0
6
46
92
132
159
159
159
255
255
255
255
255
255
255
255
255
255
255
255
255
212
147
78
22
0
22
78
147
212
255
255
255
255
255
255
255
255
255
255
255
255
255
255
255
255
255
255
255
255
255
255
255
255
255
255
255
255
255
255
255
255
255
255
255
255
255
255
255
255
255
255
255
255
255
255
255
255
255
255
255
255
255
255
255
255
255
255
255
255
255
255
255
255
255
255
212
147
78
21
0
19
70
129
182
216
216
216
255
255
255
255
255
255
255
255
255
255
255
255
255
212
147
78
22
0
22
78
147
212
255
255
255
255
255
255
255
255
255
255
255
255
255
255
255
255
255
255
255
255
255
255
255
255
255
255
255
255
255
255
255
255
255
255
255
255
255
255
255
255
255
255
255
255
255
255
255
255
255
255
255
255
255
255
255
255
255
255
255
255
255
255
255
255
255
255
212
147
78
22
0
26
86
154
215
255
255
255
255
255
255
255
255
255
255
255
255
255
255
255
255
212
147
78
22
0
22
79
149
215
255
255
255
255
255
255
255
255
255
255
255
255
255
255
255
255
255
255
255
255
255
255
255
255
255
255
255
255
255
255
255
255
255
255
255
255
255
255
255
255
255
255
255
255
255
255
255
255
255
255
255
255
255
255
255
255
255
255
255
255
255
255
255
255
255
255
215
149
78
21
0
27
91
164
229
255
255
255
255
255
255
255
255
255
255
255
255
255
255
255
255
212
146
77
21
0
23
82
154
222
255
255
255
255
255
255
255
255
255
255
255
255
255
255
255
255
255
255
255
255
255
255
255
255
255
255
255
255
255
255
255
255
255
255
255
255
255
255
255
255
255
255
255
255
255
255
255
255
255
255
255
255
255
255
255
255
255
255
255
255
255
255
255
255
255
255
222
153
80
22
0
27
91
165
230
255
255
255
255
255
255
255
255
255
255
255
255
255
255
255
255
212
146
77
21
0
24
84
158
227
255
255
255
255
255
255
255
255
255
255
255
255
255
255
255
255
255
255
255
255
255
255
255
255
255
255
255
255
255
255
255
255
255
255
255
255
255
255
255
255
255
255
255
255
255
255
255
255
255
255
255
255
255
255
255
255
255
255
255
255
255
255
255
255
255
255
227
157
83
23
0
26
89
161
225
255
255
255
255
255
255
255
255
255
255
255
255
255
255
255
255
212
146
77
21
0
23
83
156
226
255
255
255
255
255
255
255
255
255
255
255
255
255
255
255
255
255
255
255
255
255
255
255
255
255
255
255
255
255
255
255
255
255
255
255
255
255
255
255
255
255
255
255
255
255
255
255
255
255
255
255
255
255
255
255
255
255
255
255
255
255
255
255
255
255
255
226
156
83
23
0
25
86
156
218
255
255
255
255
255
255
255
255
255
255
255
255
255
255
255
255
212
147
78
22
0
22
78
147
212
255
255
255
255
255
255
255
255
255
255
255
255
255
255
255
255
255
255
255
255
255
255
255
255
255
255
255
255
255
255
255
255
255
255
255
255
255
255
255
255
255
255
255
255
255
255
255
255
255
255
255
255
255
255
255
255
255
255
255
255
255
255
255
255
255
255
212
147
78
22
0
26
86
154
215
255
255
255
255
255
255
255
255
255
255
255
255
255
255
255
255
212
147
78
21
0
15
64
123
179
216
223
232
243
253
255
255
255
255
255
255
255
255
255
255
255
255
255
255
255
255
255
255
255
255
255
255
255
255
255
255
255
255
255
255
255
255
255
255
255
255
255
255
255
255
255
255
255
255
255
255
255
255
255
255
255
255
255
255
255
255
253
243
232
223
216
179
123
64
15
0
25
86
154
215
255
255
255
255
255
255
255
255
255
255
255
255
255
255
255
255
212
147
77
18
0
3
41
87
130
159
176
200
227
251
255
255
255
255
255
255
255
255
255
255
255
255
255
255
255
255
255
255
255
255
255
255
255
255
255
255
255
255
255
255
255
255
255
255
255
255
255
255
255
255
255
255
255
255
255
255
255
255
255
255
255
255
255
255
255
255
251
227
200
176
159
130
87
41
3
0
22
85
154
215
255
255
255
255
255
255
255
255
255
255
255
255
255
255
255
255
212
148
78
17
0
0
18
48
77
96
123
163
207
246
255
255
255
255
255
255
255
255
255
255
255
255
255
255
255
255
255
255
255
255
255
255
255
255
255
255
255
255
255
255
255
255
255
255
255
255
255
255
255
255
255
255
255
255
255
255
255
255
255
255
255
255
255
255
255
255
246
207
163
123
96
77
48
18
0
0
21
86
155
215
255
255
255
255
255
255
255
255
255
255
255
255
255
255
255
255
213
151
83
23
0
0
2
16
30
39
74
126
184
236
255
255
255
255
255
255
255
255
255
255
255
255
255
255
255
255
255
255
255
255
255
255
255
255
255
255
255
255
255
255
255
255
255
255
255
255
255
255
255
255
255
255
255
255
255
255
255
255
255
255
255
255
255
255
255
255
236
184
126
74
39
30
16
2
0
0
26
91
158
216
255
255
255
255
255
255
255
255
255
255
255
255
255
255
255
255
216
159
96
39
0
0
0
0
0
0
39
96
159
216
255
255
255
255
255
255
255
255
255
255
255
255
255
255
255
255
255
255
255
255
255
255
255
255
255
255
255
255
255
255
255
255
255
255
255
255
255
255
255
255
255
255
255
255
255
255
255
255
255
255
255
255
255
255
255
255
216
159
96
39
0
0
0
0
0
0
42
103
166
219
255
255
255
255
255
255
255
255
255
255
255
255
255
255
255
255
222
174
121
73
39
31
18
3
0
0
15
67
125
177
212
213
214
215
216
216
223
232
243
253
255
255
255
255
255
255
255
255
255
255
255
255
255
255
255
255
255
255
255
255
255
255
255
255
255
255
255
255
255
255
255
255
255
255
255
255
255
255
255
255
255
253
243
232
223
216
180
127
69
16
0
0
3
18
31
39
75
127
180
225
255
255
255
255
255
255
255
255
255
255
255
255
255
255
255
255
231
196
157
121
96
78
50
18
0
0
0
36
80
120
147
149
151
155
157
159
176
200
227
251
255
255
255
255
255
255
255
255
255
255
255
255
255
255
255
255
255
255
255
255
255
255
255
255
255
255
255
255
255
255
255
255
255
255
255
255
255
255
255
255
255
251
227
200
176
159
130
88
41
0
0
0
18
50
78
96
123
161
200
233
255
255
255
255
255
255
255
255
255
255
255
255
255
255
255
255
241
219
196
175
159
131
89
41
0
0
0
10
37
61
78
80
84
89
93
96
123
163
207
246
255
255
255
255
255
255
255
255
255
255
255
255
255
255
255
255
255
255
255
255
255
255
255
255
255
255
255
255
255
255
255
255
255
255
255
255
255
255
255
255
255
246
207
163
123
96
77
48
17
0
0
0
41
89
131
159
176
199
222
242
255
255
255
255
255
255
255
255
255
255
255
255
255
255
255
255
249
241
231
222
216
180
127
69
16
0
0
0
6
16
22
25
29
33
36
39
74
126
184
236
255
255
255
255
255
255
255
255
255
255
255
255
255
255
255
255
255
255
255
255
255
255
255
255
255
255
255
255
255
255
255
255
255
255
255
255
255
255
255
255
255
236
184
126
74
39
30
16
2
0
0
16
69
127
180
216
223
232
242
250
255
255
255
255
255
255
255
255
255
255
255
255
255
255
255
255
255
255
255
255
255
216
159
96
39
0
0
0
0
0
0
0
0
0
0
0
39
96
159
216
255
255
255
255
255
255
255
255
255
255
255
255
255
255
255
255
255
255
255
255
255
255
255
255
255
255
255
255
255
255
255
255
255
255
255
255
255
255
255
255
255
216
159
96
39
0
0
0
0
0
0
39
96
159
216
255
255
255
255
255
255
255
255
255
255
255
255
255
255
255
255
255
255
255
255
255
255
255
255
255
255
236
184
126
74
39
36
33
29
25
22
16
6
0
0
0
15
67
125
177
212
212
212
212
212
212
212
212
212
212
212
212
212
212
212
212
212
212
212
212
212
212
212
212
212
212
212
212
212
212
212
212
212
212
212
212
212
212
212
212
212
177
125
67
15
0
0
2
16
30
39
74
126
184
236
255
255
255
255
255
255
255
255
255
255
255
255
255
255
255
255
255
255
255
255
255
255
255
255
255
255
246
207
163
123
96
93
89
84
80
78
61
37
10
0
0
0
36
80
120
147
147
147
147
147
147
147
147
147
147
147
147
147
147
147
147
147
147
147
147
147
147
147
147
147
147
147
147
147
147
147
147
147
147
147
147
147
147
147
147
147
120
80
36
0
0
0
17
48
77
96
123
163
207
246
255
255
255
255
255
255
255
255
255
255
255
255
255
255
255
255
255
255
255
255
255
255
255
255
255
255
251
227
200
176
159
157
155
151
149
147
120
80
36
0
0
0
10
37
61
78
78
78
78
78
78
78
78
78
78
78
78
78
78
78
78
78
78
78
78
78
78
78
78
78
78
78
78
78
78
78
78
78
78
78
78
78
78
78
78
78
61
37
10
0
0
0
41
88
130
159
176
200
227
251
255
255
255
255
255
255
255
255
255
255
255
255
255
255
255
255
255
255
255
255
255
255
255
255
255
255
253
243
232
223
216
216
215
214
213
212
177
125
67
15
0
0
0
6
16
22
22
22
22
22
22
22
22
22
22
22
22
22
22
22
22
22
22
22
22
22
22
22
22
22
22
22
22
22
22
22
22
22
22
22
22
22
22
22
22
22
16
6
0
0
0
16
69
127
180
216
223
232
243
253
255
255
255
255
255
255
255
255
255
255
255
255
255
255
255
255
255
255
255
255
255
255
255
255
255
255
255
255
255
255
255
255
255
255
255
255
216
159
96
39
0
0
0
0
0
0
0
0
0
0
0
0
0
0
0
0
0
0
0
0
0
0
0
0
0
0
0
0
0
0
0
0
0
0
0
0
0
0
0
0
0
0
0
0
0
0
0
0
0
0
0
39
96
159
216
255
255
255
255
255
255
255
255
255
255
255
255
255
255
255
255
255
255
255
255
255
255
255
255
255
255
255
255
255
255
255
255
255
255
255
255
255
255
255
255
255
236
185
128
77
42
40
36
32
29
26
26
26
26
26
26
26
26
26
26
26
26
26
26
26
26
26
26
26
26
26
26
26
26
26
26
26
26
26
26
26
26
26
26
26
26
26
26
26
26
26
29
32
36
40
42
77
128
185
236
255
255
255
255
255
255
255
255
255
255
255
255
255
255
255
255
255
255
255
255
255
255
255
255
255
255
255
255
255
255
255
255
255
255
255
255
255
255
255
255
255
247
209
167
129
103
100
97
92
88
86
86
86
86
86
86
86
86
86
86
86
86
86
86
86
86
86
86
86
86
86
86
86
86
86
86
86
86
86
86
86
86
86
86
86
86
86
86
86
86
86
88
92
97
100
103
129
167
209
247
255
255
255
255
255
255
255
255
255
255
255
255
255
255
255
255
255
255
255
255
255
255
255
255
255
255
255
255
255
255
255
255
255
255
255
255
255
255
255
255
255
251
228
204
181
166
164
161
158
156
154
154
154
154
154
154
154
154
154
154
154
154
154
154
154
154
154
154
154
154
154
154
154
154
154
154
154
154
154
154
154
154
154
154
154
154
154
154
154
154
154
156
158
161
164
166
181
204
228
251
255
255
255
255
255
255
255
255
255
255
255
255
255
255
255
255
255
255
255
255
255
255
255
255
255
255
255
255
255
255
255
255
255
255
255
255
255
255
255
255
255
253
244
234
225
219
218
217
216
215
215
215
215
215
215
215
215
215
215
215
215
215
215
215
215
215
215
215
215
215
215
215
215
215
215
215
215
215
215
215
215
215
215
215
215
215
215
215
215
215
215
215
216
217
218
219
225
234
244
253
255
255
255
255
255
255
255
255
255
255
255
255
255
255
255
255
255
255
255
255
255
255
255
255
255
255
255
255
255
255
255
255
255
255
255
255
255
255
255
255
255
255
255
255
255
255
255
255
255
255
255
255
255
255
255
255
255
255
255
255
255
255
255
255
255
255
255
255
255
255
255
255
255
255
255
255
255
255
255
255
255
255
255
255
255
255
255
255
255
255
255
255
255
255
255
255
255
255
255
255
255
255
255
255
255
255
255
255
255
255
255
255
255
255
255
255
255
255
255
255
255
255
255
255
255
255
255
255
255
255
255
255
255
255
255
255
255
255
255
255
255
255
255
255
255
255
255
255
255
255
255
255
255
255
255
255
255
255
255
255
255
255
255
255
255
255
255
255
255
255
255
255
255
255
255
255
255
255
255
255
255
255
255
255
255
255
255
255
255
255
255
255
255
255
255
255
255
255
255
255
255
255
255
255
255
255
255
255
255
255
255
255
255
255
255
255
255
255
255
255
255
255
255
255
255
255
255
255
255
255
255
255
255
255
255
255
255
255
255
255
255
255
255
255
255
255
255
255
255
255
255
255
255
255
255
255
255
255
255
255
255
255
255
255
255
255
255
255
255
255
255
255
255
255
255
255
255
255
255
255
255
255
255
255
255
255
255
255
255
255
255
255
255
255
255
255
255
255
255
255
255
255
255
255
255
255
255
255
255
255
255
255
255
