triangle
255
255
255
255
255
255
255
255
255
255
255
255
255
255
255
255
255
255
255
255
255
255
255
255
255
255
255
255
255
255
255
255
255
255
255
255
255
255
255
255
255
255
255
255
255
255
255
255
255
255
255
255
255
255
255
255
255
255
255
255
255
255
255
255
255
255
255
255
255
255
255
255
255
255
255
255
255
255
255
255
255
255
255
255
255
255
255
255
255
255
255
255
255
255
255
255
255
255
255
255
255
255
255
255
255
255
255
255
255
255
255
255
255
255
255
255
255
255
255
255
255
255
255
255
255
255
255
255
255
255
255
255
255
255
255
255
255
255
255
255
255
255
255
255
255
255
255
255
255
255
255
255
255
255
255
255
255
255
255
255
255
255
255
255
255
255
255
255
255
255
255
255
255
255
255
255
255
255
255
255
255
255
255
255
255
255
255
255
255
255
255
255
255
255
255
255
255
255
255
255
255
255
255
255
255
255
255
255
255
255
255
255
255
255
255
255
255
255
255
255
255
255
255
255
255
255
255
255
255
255
255
255
255
255
255
255
255
255
255
255
255
255
255
255
255
255
255
255
255
255
255
255
255
255
255
255
255
255
255
255
255
255
255
255
255
255
255
255
255
255
255
255
255
255
255
255
255
255
255
255
255
255
255
255
255
255
255
255
255
255
255
255
255
255
255
255
255
255
255
255
255
255
255
255
255
255
255
255
255
255
255
255
255
255
255
255
255
255
255
255
255
255
255
255
255
255
255
255
255
255
255
255
255
255
255
255
255
255
255
255
255
255
255
255
255
255
255
255
255
255
255
255
255
255
255
255
255
255
253
244
234
225
219
219
219
219
219
219
225
234
244
253
255
255
255
255
255
255
255
255
255
255
255
255
255
255
255
255
255
255
255
255
255
255
255
255
255
255
255
255
255
255
255
255
255
255
255
255
255
255
255
255
255
255
255
255
255
255
255
255
255
255
255
255
255
255
255
255
255
255
255
255
255
255
255
255
255
255
255
255
255
255
255
255
255
255
255
255
255
255
255
255
255
255
255
255
255
255
251
228
204
181
166
166
166
166
166
166
181
204
228
251
255
255
255
255
255
255
255
255
255
255
255
255
255
255
255
255
255
255
255
255
255
255
255
255
255
255
255
255
255
255
255
255
255
255
255
255
255
255
255
255
255
255
255
255
255
255
255
255
255
255
255
255
255
255
255
255
255
255
255
255
255
255
255
255
255
255
255
255
255
255
255
255
255
255
255
255
255
255
255
255
255
255
255
255
255
255
247
209
167
129
103
103
103
103
103
103
129
167
209
247
255
255
255
255
255
255
255
255
255
255
255
255
255
255
255
255
255
255
255
255
255
255
255
255
255
255
255
255
255
255
255
255
255
255
255
255
255
255
255
255
255
255
255
255
255
255
255
255
255
255
255
255
255
255
255
255
255
255
255
255
255
255
255
255
255
255
255
255
255
255
255
255
255
255
255
255
255
255
255
255
255
255
255
255
255
255
236
185
128
77
42
42
42
42
42
42
77
128
185
236
255
255
255
255
255
255
255
255
255
255
255
255
255
255
255
255
255
255
255
255
255
255
255
255
255
255
255
255
255
255
255
255
255
255
255
255
255
255
255
255
255
255
255
255
255
255
255
255
255
255
255
255
255
255
255
255
255
255
255
255
255
255
255
255
255
255
255
255
255
255
255
255
255
255
255
255
255
255
255
255
255
255
255
255
255
255
216
159
96
39
0
0
0
0
0
0
39
96
159
216
255
255
255
255
255
255
255
255
255
255
255
255
255
255
255
255
255
255
255
255
255
255
255
255
255
255
255
255
255
255
255
255
255
255
255
255
255
255
255
255
255
255
255
255
255
255
255
255
255
255
255
255
255
255
255
255
255
255
255
255
255
255
255
255
255
255
255
255
255
255
255
255
255
255
255
255
255
255
255
255
255
249
241
231
222
216
180
127
69
16
0
0
0
0
0
0
16
69
127
180
216
222
231
241
249
255
255
255
255
255
255
255
255
255
255
255
255
255
255
255
255
255
255
255
255
255
255
255
255
255
255
255
255
255
255
255
255
255
255
255
255
255
255
255
255
255
255
255
255
255
255
255
255
255
255
255
255
255
255
255
255
255
255
255
255
255
255
255
255
255
255
255
255
255
255
255
255
255
255
255
255
241
219
196
175
159
131
89
41
0
0
0
0
0
0
0
0
41
89
131
159
175
196
219
241
255
255
255
255
255
255
255
255
255
255
255
255
255
255
255
255
255
255
255
255
255
255
255
255
255
255
255
255
255
255
255
255
255
255
255
255
255
255
255
255
255
255
255
255
255
255
255
255
255
255
255
255
255
255
255
255
255
255
255
255
255
255
255
255
255
255
255
255
255
255
255
255
255
255
255
255
231
196
157
121
96
78
50
18
0
0
0
0
0
0
0
0
18
50
78
96
121
157
196
231
255
255
255
255
255
255
255
255
255
255
255
255
255
255
255
255
255
255
255
255
255
255
255
255
255
255
255
255
255
255
255
255
255
255
255
255
255
255
255
255
255
255
255
255
255
255
255
255
255
255
255
255
255
255
255
255
255
255
255
255
255
255
255
255
255
255
255
255
255
255
255
255
255
255
255
255
222
174
121
73
39
31
18
3
0
0
0
0
0
0
0
0
3
18
31
39
73
121
174
222
255
255
255
255
255
255
255
255
255
255
255
255
255
255
255
255
255
255
255
255
255
255
255
255
255
255
255
255
255
255
255
255
255
255
255
255
255
255
255
255
255
255
255
255
255
255
255
255
255
255
255
255
255
255
255
255
255
255
255
255
255
255
255
255
255
255
255
255
255
255
255
255
255
255
255
255
216
159
96
39
0
0
0
0
0
0
0
0
0
0
0
0
0
0
0
0
39
96
159
216
255
255
255
255
255
255
255
255
255
255
255
255
255
255
255
255
255
255
255
255
255
255
255
255
255
255
255
255
255
255
255
255
255
255
255
255
255
255
255
255
255
255
255
255
255
255
255
255
255
255
255
255
255
255
255
255
255
255
255
255
255
255
255
255
255
255
255
255
255
255
255
255
255
255
255
255
216
152
82
20
0
0
0
14
29
39
39
39
39
39
39
30
16
2
0
0
23
83
151
213
255
255
255
255
255
255
255
255
255
255
255
255
255
255
255
255
255
255
255
255
255
255
255
255
255
255
255
255
255
255
255
255
255
255
255
255
255
255
255
255
255
255
255
255
255
255
255
255
255
255
255
255
255
255
255
255
255
255
255
255
255
255
255
255
255
255
255
255
255
255
255
255
255
255
255
255
221
151
74
8
0
0
9
43
75
96
96
96
96
96
96
77
48
18
0
0
17
78
148
212
255
255
255
255
255
255
255
255
255
255
255
255
255
255
255
255
255
255
255
255
255
255
255
255
255
255
255
255
255
255
255
255
255
255
255
255
255
255
255
255
255
255
255
255
255
255
255
255
255
255
255
255
255
255
255
255
255
255
255
255
255
255
255
255
255
255
255
255
255
255
255
255
255
255
255
255
225
152
72
4
0
0
28
79
127
159
159
159
159
159
159
130
87
41
3
0
18
77
147
212
255
255
255
255
255
255
255
255
255
255
255
255
255
255
255
255
255
255
255
255
255
255
255
255
255
255
255
255
255
255
255
255
255
255
255
255
255
255
255
255
255
255
255
255
255
255
255
255
255
255
255
255
255
255
255
255
255
255
255
255
255
255
255
255
255
255
255
255
255
255
255
255
255
255
255
255
224
152
74
9
0
0
52
116
176
216
216
216
216
216
216
179
123
64
15
0
21
78
147
212
255
255
255
255
255
255
255
255
255
255
255
255
255
255
255
255
255
255
255
255
255
255
255
255
255
255
255
255
255
255
255
255
255
255
255
255
255
255
255
255
255
255
255
255
255
255
255
255
255
255
255
255
255
255
255
255
255
255
255
255
255
255
255
255
255
255
255
255
255
255
255
255
255
255
255
255
212
147
78
22
0
22
78
147
212
255
255
255
255
255
255
212
147
78
22
0
22
78
147
212
255
255
255
255
255
255
255
255
255
255
255
255
255
255
255
255
255
255
255
255
255
255
255
255
255
255
255
255
255
255
255
255
255
255
255
255
255
255
255
255
255
255
255
255
255
255
255
255
255
255
255
255
255
255
255
255
255
255
255
255
255
255
255
255
255
255
255
255
255
255
255
252
241
229
220
216
183
135
87
50
39
59
110
173
232
255
255
255
255
255
255
225
155
80
20
0
18
76
147
215
255
255
255
255
255
255
255
255
255
255
255
255
255
255
255
255
255
255
255
255
255
255
255
255
255
255
255
255
255
255
255
255
255
255
255
255
255
255
255
255
255
255
255
255
255
255
255
255
255
255
255
255
255
255
255
255
255
255
255
255
255
255
255
255
255
255
255
255
255
255
255
249
221
192
168
159
139
119
102
92
96
111
150
198
243
255
255
255
255
255
255
225
152
75
12
0
12
73
149
221
255
255
255
255
255
255
255
255
255
255
255
255
255
255
255
255
255
255
255
255
255
255
255
255
255
255
255
255
255
255
255
255
255
255
255
255
255
255
255
255
255
255
255
255
255
255
255
255
255
255
255
255
255
255
255
255
255
255
255
255
255
255
255
255
255
255
255
255
255
255
255
243
198
150
111
96
92
102
119
139
159
168
192
221
249
255
255
255
255
255
255
219
146
69
6
0
8
72
151
225
255
255
255
255
255
255
255
255
255
255
255
255
255
255
255
255
255
255
255
255
255
255
255
255
255
255
255
255
255
255
255
255
255
255
255
255
255
255
255
255
255
255
255
255
255
255
255
255
255
255
255
255
255
255
255
255
255
255
255
255
255
255
255
255
255
255
255
255
255
255
255
232
173
110
59
39
50
87
135
183
216
220
229
241
252
255
255
255
255
255
255
213
142
68
7
0
10
73
151
224
255
255
255
255
255
255
255
255
255
255
255
255
255
255
255
255
255
255
255
255
255
255
255
255
255
255
255
255
255
255
255
255
255
255
255
255
255
255
255
255
255
255
255
255
255
255
255
255
255
255
255
255
255
255
255
255
255
255
255
255
255
255
255
255
255
255
255
255
255
255
255
212
147
78
22
0
22
78
147
212
255
255
255
255
255
255
255
255
255
255
255
212
147
78
22
0
22
78
147
212
255
255
255
255
255
255
255
255
255
255
255
255
255
255
255
255
255
255
255
255
255
255
255
255
255
255
255
255
255
255
255
255
255
255
255
255
255
255
255
255
255
255
255
255
255
255
255
255
255
255
255
255
255
255
255
255
255
255
255
255
255
255
255
255
255
255
249
241
231
222
216
177
116
52
0
0
9
74
152
224
255
255
255
255
255
255
255
255
255
255
255
219
163
105
57
39
51
88
137
183
216
220
228
239
248
255
255
255
255
255
255
255
255
255
255
255
255
255
255
255
255
255
255
255
255
255
255
255
255
255
255
255
255
255
255
255
255
255
255
255
255
255
255
255
255
255
255
255
255
255
255
255
255
255
255
255
255
255
255
255
255
255
255
255
255
255
241
219
196
175
159
128
80
29
0
0
4
72
152
225
255
255
255
255
255
255
255
255
255
255
255
228
188
145
110
96
93
104
121
141
159
167
188
214
239
255
255
255
255
255
255
255
255
255
255
255
255
255
255
255
255
255
255
255
255
255
255
255
255
255
255
255
255
255
255
255
255
255
255
255
255
255
255
255
255
255
255
255
255
255
255
255
255
255
255
255
255
255
255
255
255
255
255
255
255
255
231
196
157
121
96
76
44
10
0
0
8
74
151
221
255
255
255
255
255
255
255
255
255
255
255
239
214
188
167
159
141
121
104
93
96
110
145
188
228
255
255
255
255
255
255
255
255
255
255
255
255
255
255
255
255
255
255
255
255
255
255
255
255
255
255
255
255
255
255
255
255
255
255
255
255
255
255
255
255
255
255
255
255
255
255
255
255
255
255
255
255
255
255
255
255
255
255
255
255
255
222
174
121
73
39
30
16
0
0
0
20
82
152
216
255
255
255
255
255
255
255
255
255
255
255
248
239
228
220
216
183
137
88
51
39
57
105
163
219
255
255
255
255
255
255
255
255
255
255
255
255
255
255
255
255
255
255
255
255
255
255
255
255
255
255
255
255
255
255
255
255
255
255
255
255
255
255
255
255
255
255
255
255
255
255
255
255
255
255
255
255
255
255
255
255
255
255
255
255
255
216
159
96
39
0
0
0
0
0
0
39
96
159
216
255
255
255
255
255
255
255
255
255
255
255
255
255
255
255
255
212
147
78
22
0
22
78
147
212
255
255
255
255
255
255
255
255
255
255
255
255
255
255
255
255
255
255
255
255
255
255
255
255
255
255
255
255
255
255
255
255
255
255
255
255
255
255
255
255
255
255
255
255
255
255
255
255
255
255
255
255
255
255
255
255
255
255
255
255
255
216
152
82
20
0
0
0
16
30
39
73
121
174
222
255
255
255
255
255
255
255
255
255
255
255
255
255
255
255
255
224
151
73
10
0
7
68
142
213
255
255
255
255
255
255
255
255
255
255
255
255
255
255
255
255
255
255
255
255
255
255
255
255
255
255
255
255
255
255
255
255
255
255
255
255
255
255
255
255
255
255
255
255
255
255
255
255
255
255
255
255
255
255
255
255
255
255
255
255
255
221
151
74
8
0
0
10
44
76
96
121
157
196
231
255
255
255
255
255
255
255
255
255
255
255
255
255
255
255
255
225
151
72
8
0
6
69
146
219
255
255
255
255
255
255
255
255
255
255
255
255
255
255
255
255
255
255
255
255
255
255
255
255
255
255
255
255
255
255
255
255
255
255
255
255
255
255
255
255
255
255
255
255
255
255
255
255
255
255
255
255
255
255
255
255
255
255
255
255
255
225
152
72
4
0
0
29
80
128
159
175
196
219
241
255
255
255
255
255
255
255
255
255
255
255
255
255
255
255
255
221
149
73
12
0
12
75
152
225
255
255
255
255
255
255
255
255
255
255
255
255
255
255
255
255
255
255
255
255
255
255
255
255
255
255
255
255
255
255
255
255
255
255
255
255
255
255
255
255
255
255
255
255
255
255
255
255
255
255
255
255
255
255
255
255
255
255
255
255
255
224
152
74
9
0
0
52
116
177
216
222
231
241
249
255
255
255
255
255
255
255
255
255
255
255
255
255
255
255
255
215
147
76
18
0
20
80
155
225
255
255
255
255
255
255
255
255
255
255
255
255
255
255
255
255
255
255
255
255
255
255
255
255
255
255
255
255
255
255
255
255
255
255
255
255
255
255
255
255
255
255
255
255
255
255
255
255
255
255
255
255
255
255
255
255
255
255
255
255
255
212
147
78
22
0
22
78
147
212
255
255
255
255
255
255
255
255
255
255
255
255
255
255
255
255
255
255
255
255
255
212
147
78
22
0
22
78
147
212
255
255
255
255
255
255
255
255
255
255
255
255
255
255
255
255
255
255
255
255
255
255
255
255
255
255
255
255
255
255
255
255
255
255
255
255
255
255
255
255
255
255
255
255
255
255
255
255
255
255
255
255
255
255
255
255
252
240
227
217
212
179
133
86
49
39
59
110
173
232
255
255
255
255
255
255
255
255
255
255
255
255
255
255
255
255
255
255
255
255
255
212
147
78
21
0
15
64
123
179
216
222
231
241
249
255
255
255
255
255
255
255
255
255
255
255
255
255
255
255
255
255
255
255
255
255
255
255
255
255
255
255
255
255
255
255
255
255
255
255
255
255
255
255
255
255
255
255
255
255
255
255
255
255
255
255
248
218
185
158
147
129
112
97
90
96
111
150
198
243
255
255
255
255
255
255
255
255
255
255
255
255
255
255
255
255
255
255
255
255
255
212
147
77
18
0
4
42
88
131
159
175
196
219
241
255
255
255
255
255
255
255
255
255
255
255
255
255
255
255
255
255
255
255
255
255
255
255
255
255
255
255
255
255
255
255
255
255
255
255
255
255
255
255
255
255
255
255
255
255
255
255
255
255
255
255
242
193
140
96
78
76
91
112
137
159
168
192
221
249
255
255
255
255
255
255
255
255
255
255
255
255
255
255
255
255
255
255
255
255
255
212
148
78
17
0
0
19
50
78
96
121
157
196
231
255
255
255
255
255
255
255
255
255
255
255
255
255
255
255
255
255
255
255
255
255
255
255
255
255
255
255
255
255
255
255
255
255
255
255
255
255
255
255
255
255
255
255
255
255
255
255
255
255
255
255
231
168
100
45
22
36
77
129
180
216
220
229
241
252
255
255
255
255
255
255
255
255
255
255
255
255
255
255
255
255
255
255
255
255
255
213
151
83
23
0
0
2
17
31
39
73
121
174
222
255
255
255
255
255
255
255
255
255
255
255
255
255
255
255
255
255
255
255
255
255
255
255
255
255
255
255
255
255
255
255
255
255
255
255
255
255
255
255
255
255
255
255
255
255
255
255
255
255
255
255
212
147
78
22
0
22
78
147
212
255
255
255
255
255
255
255
255
255
255
255
255
255
255
255
255
255
255
255
255
255
255
255
255
255
255
216
159
96
39
0
0
0
0
0
0
39
96
159
216
255
255
255
255
255
255
255
255
255
255
255
255
255
255
255
255
255
255
255
255
255
255
255
255
255
255
255
255
255
255
255
255
255
255
255
255
255
255
255
255
255
255
255
255
255
255
248
239
228
220
216
180
130
77
36
22
45
100
168
231
255
255
255
255
255
255
255
255
255
255
255
255
255
255
255
255
255
255
255
255
255
255
255
255
255
255
222
174
121
73
39
31
17
2
0
0
23
83
151
213
255
255
255
255
255
255
255
255
255
255
255
255
255
255
255
255
255
255
255
255
255
255
255
255
255
255
255
255
255
255
255
255
255
255
255
255
255
255
255
255
255
255
255
255
255
255
239
214
188
167
159
137
113
91
77
78
96
140
193
242
255
255
255
255
255
255
255
255
255
255
255
255
255
255
255
255
255
255
255
255
255
255
255
255
255
255
231
196
157
121
96
78
50
19
0
0
17
78
148
212
255
255
255
255
255
255
255
255
255
255
255
255
255
255
255
255
255
255
255
255
255
255
255
255
255
255
255
255
255
255
255
255
255
255
255
255
255
255
255
255
255
255
255
255
255
255
228
188
145
110
96
91
99
113
129
147
158
185
218
248
255
255
255
255
255
255
255
255
255
255
255
255
255
255
255
255
255
255
255
255
255
255
255
255
255
255
241
219
196
175
159
131
88
42
4
0
18
77
147
212
255
255
255
255
255
255
255
255
255
255
255
255
255
255
255
255
255
255
255
255
255
255
255
255
255
255
255
255
255
255
255
255
255
255
255
255
255
255
255
255
255
255
255
255
255
255
219
163
105
57
39
50
87
134
179
212
217
227
240
252
255
255
255
255
255
255
255
255
255
255
255
255
255
255
255
255
255
255
255
255
255
255
255
255
255
255
249
241
231
222
216
179
123
64
15
0
21
78
147
212
255
255
255
255
255
255
255
255
255
255
255
255
255
255
255
255
255
255
255
255
255
255
255
255
255
255
255
255
255
255
255
255
255
255
255
255
255
255
255
255
255
255
255
255
255
255
212
147
78
22
0
22
78
147
212
255
255
255
255
255
255
255
255
255
255
255
255
255
255
255
255
255
255
255
255
255
255
255
255
255
255
255
255
255
255
255
255
255
255
255
255
212
147
78
22
0
22
78
147
212
255
255
255
255
255
255
255
255
255
255
255
255
255
255
255
255
255
255
255
255
255
255
255
255
255
255
255
255
255
255
255
255
255
255
255
255
255
255
255
255
255
255
255
255
255
255
212
141
66
4
0
6
71
150
223
255
255
255
255
255
255
255
255
255
255
255
255
255
255
255
255
255
255
255
255
255
255
255
255
255
255
255
255
255
255
255
255
255
255
255
255
226
156
83
23
0
21
78
149
215
255
255
255
255
255
255
255
255
255
255
255
255
255
255
255
255
255
255
255
255
255
255
255
255
255
255
255
255
255
255
255
255
255
255
255
255
255
255
255
255
255
255
255
255
255
255
218
143
62
0
0
0
65
147
224
255
255
255
255
255
255
255
255
255
255
255
255
255
255
255
255
255
255
255
255
255
255
255
255
255
255
255
255
255
255
255
255
255
255
255
255
227
157
83
23
0
22
80
153
222
255
255
255
255
255
255
255
255
255
255
255
255
255
255
255
255
255
255
255
255
255
255
255
255
255
255
255
255
255
255
255
255
255
255
255
255
255
255
255
255
255
255
255
255
255
255
224
147
65
0
0
0
62
143
218
255
255
255
255
255
255
255
255
255
255
255
255
255
255
255
255
255
255
255
255
255
255
255
255
255
255
255
255
255
255
255
255
255
255
255
255
222
153
80
22
0
23
83
157
227
255
255
255
255
255
255
255
255
255
255
255
255
255
255
255
255
255
255
255
255
255
255
255
255
255
255
255
255
255
255
255
255
255
255
255
255
255
255
255
255
255
255
255
255
255
255
223
150
71
6
0
4
66
141
212
255
255
255
255
255
255
255
255
255
255
255
255
255
255
255
255
255
255
255
255
255
255
255
255
255
255
255
255
255
255
255
255
255
255
255
255
215
149
78
21
0
23
83
156
226
255
255
255
255
255
255
255
255
255
255
255
255
255
255
255
255
255
255
255
255
255
255
255
255
255
255
255
255
255
255
255
255
255
255
255
255
255
255
255
255
255
255
255
255
255
255
212
147
78
22
0
22
78
147
212
255
255
255
255
255
255
255
255
255
255
255
255
255
255
255
255
255
255
255
255
255
255
255
255
255
255
255
255
255
255
255
255
255
255
255
255
212
147
78
22
0
22
78
147
212
255
255
255
255
255
255
255
255
255
255
255
255
255
255
255
255
255
255
255
255
255
255
255
255
255
255
255
255
255
255
255
255
255
255
255
255
255
255
255
255
255
252
240
227
217
212
179
134
87
50
39
57
105
163
219
255
255
255
255
255
255
255
255
255
255
255
255
255
255
255
255
255
255
255
255
255
255
255
255
255
255
255
255
255
255
255
255
255
255
255
255
212
147
78
21
0
15
64
123
179
216
222
231
241
249
255
255
255
255
255
255
255
255
255
255
255
255
255
255
255
255
255
255
255
255
255
255
255
255
255
255
255
255
255
255
255
255
255
255
255
255
248
218
185
158
147
129
113
99
91
96
110
145
188
228
255
255
255
255
255
255
255
255
255
255
255
255
255
255
255
255
255
255
255
255
255
255
255
255
255
255
255
255
255
255
255
255
255
255
255
255
212
147
77
18
0
4
42
88
131
159
175
196
219
241
255
255
255
255
255
255
255
255
255
255
255
255
255
255
255
255
255
255
255
255
255
255
255
255
255
255
255
255
255
255
255
255
255
255
255
255
242
193
140
96
78
77
91
113
137
159
167
188
214
239
255
255
255
255
255
255
255
255
255
255
255
255
255
255
255
255
255
255
255
255
255
255
255
255
255
255
255
255
255
255
255
255
255
255
255
255
212
148
78
17
0
0
19
50
78
96
121
157
196
231
255
255
255
255
255
255
255
255
255
255
255
255
255
255
255
255
255
255
255
255
255
255
255
255
255
255
255
255
255
255
255
255
255
255
255
255
231
168
100
45
22
36
77
130
180
216
220
228
239
248
255
255
255
255
255
255
255
255
255
255
255
255
255
255
255
255
255
255
255
255
255
255
255
255
255
255
255
255
255
255
255
255
255
255
255
255
213
151
83
23
0
0
2
17
31
39
73
121
174
222
255
255
255
255
255
255
255
255
255
255
255
255
255
255
255
255
255
255
255
255
255
255
255
255
255
255
255
255
255
255
255
255
255
255
255
255
212
147
78
22
0
22
78
147
212
255
255
255
255
255
255
255
255
255
255
255
255
255
255
255
255
255
255
255
255
255
255
255
255
255
255
255
255
255
255
255
255
255
255
255
255
255
255
255
255
255
216
159
96
39
0
0
0
0
0
0
39
96
159
216
255
255
255
255
255
255
255
255
255
255
255
255
255
255
255
255
255
255
255
255
255
255
255
255
255
255
255
255
255
255
255
252
240
227
217
212
177
127
75
35
22
45
100
168
231
255
255
255
255
255
255
255
255
255
255
255
255
255
255
255
255
255
255
255
255
255
255
255
255
255
255
255
255
255
255
255
255
255
255
255
255
255
255
255
255
255
222
174
121
73
39
31
17
2
0
0
23
83
151
213
255
255
255
255
255
255
255
255
255
255
255
255
255
255
255
255
255
255
255
255
255
255
255
255
255
255
255
255
255
255
255
248
218
185
158
147
126
105
86
75
78
96
140
193
242
255
255
255
255
255
255
255
255
255
255
255
255
255
255
255
255
255
255
255
255
255
255
255
255
255
255
255
255
255
255
255
255
255
255
255
255
255
255
255
255
255
231
196
157
121
96
78
50
19
0
0
17
78
148
212
255
255
255
255
255
255
255
255
255
255
255
255
255
255
255
255
255
255
255
255
255
255
255
255
255
255
255
255
255
255
255
242
193
140
96
78
75
86
105
126
147
158
185
218
248
255
255
255
255
255
255
255
255
255
255
255
255
255
255
255
255
255
255
255
255
255
255
255
255
255
255
255
255
255
255
255
255
255
255
255
255
255
255
255
255
255
241
219
196
175
159
131
88
42
4
0
18
77
147
212
255
255
255
255
255
255
255
255
255
255
255
255
255
255
255
255
255
255
255
255
255
255
255
255
255
255
255
255
255
255
255
231
168
100
45
22
35
75
127
177
212
217
227
240
252
255
255
255
255
255
255
255
255
255
255
255
255
255
255
255
255
255
255
255
255
255
255
255
255
255
255
255
255
255
255
255
255
255
255
255
255
255
255
255
255
255
249
241
231
222
216
179
123
64
15
0
21
78
147
212
255
255
255
255
255
255
255
255
255
255
255
255
255
255
255
255
255
255
255
255
255
255
255
255
255
255
255
255
255
255
255
212
147
78
22
0
22
78
147
212
255
255
255
255
255
255
255
255
255
255
255
255
255
255
255
255
255
255
255
255
255
255
255
255
255
255
255
255
255
255
255
255
255
255
255
255
255
255
255
255
255
255
255
255
255
255
255
255
255
255
255
212
147
78
22
0
22
78
147
212
255
255
255
255
255
255
255
255
255
255
255
255
255
255
255
255
255
255
255
255
255
255
255
255
255
255
248
239
228
220
216
180
130
77
36
22
45
100
168
231
255
255
255
255
255
255
255
255
255
255
255
255
255
255
255
255
255
255
255
255
255
255
255
255
255
255
255
255
255
255
255
255
255
255
255
255
255
255
255
255
255
255
255
255
255
255
255
255
255
255
255
225
155
80
20
0
18
76
147
215
255
255
255
255
255
255
255
255
255
255
255
255
255
255
255
255
255
255
255
255
255
255
255
255
255
255
239
214
188
167
159
137
113
91
77
78
96
140
193
242
255
255
255
255
255
255
255
255
255
255
255
255
255
255
255
255
255
255
255
255
255
255
255
255
255
255
255
255
255
255
255
255
255
255
255
255
255
255
255
255
255
255
255
255
255
255
255
255
255
255
255
225
152
75
12
0
12
73
149
221
255
255
255
255
255
255
255
255
255
255
255
255
255
255
255
255
255
255
255
255
255
255
255
255
255
255
228
188
145
110
96
91
99
113
129
147
158
185
218
248
255
255
255
255
255
255
255
255
255
255
255
255
255
255
255
255
255
255
255
255
255
255
255
255
255
255
255
255
255
255
255
255
255
255
255
255
255
255
255
255
255
255
255
255
255
255
255
255
255
255
255
219
146
69
6
0
8
72
151
225
255
255
255
255
255
255
255
255
255
255
255
255
255
255
255
255
255
255
255
255
255
255
255
255
255
255
219
163
105
57
39
50
87
134
179
212
217
227
240
252
255
255
255
255
255
255
255
255
255
255
255
255
255
255
255
255
255
255
255
255
255
255
255
255
255
255
255
255
255
255
255
255
255
255
255
255
255
255
255
255
255
255
255
255
255
255
255
255
255
255
255
213
142
68
7
0
10
73
151
224
255
255
255
255
255
255
255
255
255
255
255
255
255
255
255
255
255
255
255
255
255
255
255
255
255
255
212
147
78
22
0
22
78
147
212
255
255
255
255
255
255
255
255
255
255
255
255
255
255
255
255
255
255
255
255
255
255
255
255
255
255
255
255
255
255
255
255
255
255
255
255
255
255
255
255
255
255
255
255
255
255
255
255
255
255
255
255
255
255
255
255
212
147
78
22
0
22
78
147
212
255
255
255
255
255
255
255
255
255
255
255
255
255
255
255
255
255
255
255
255
255
255
255
255
255
255
212
141
66
4
0
6
71
150
223
255
255
255
255
255
255
255
255
255
255
255
255
255
255
255
255
255
255
255
255
255
255
255
255
255
255
255
255
255
255
255
255
255
255
255
255
255
255
255
255
255
255
255
255
255
255
255
255
255
255
255
255
255
255
255
255
219
163
105
57
39
51
88
137
183
216
220
229
240
249
255
255
255
255
255
255
255
255
255
255
255
255
255
255
255
255
255
255
255
255
255
218
143
62
0
0
0
65
147
224
255
255
255
255
255
255
255
255
255
255
255
255
255
255
255
255
255
255
255
255
255
255
255
255
255
255
255
255
255
255
255
255
255
255
255
255
255
255
255
255
255
255
255
255
255
255
255
255
255
255
255
255
255
255
255
255
228
188
145
110
96
93
104
121
141
159
169
191
217
240
255
255
255
255
255
255
255
255
255
255
255
255
255
255
255
255
255
255
255
255
255
224
147
65
0
0
0
62
143
218
255
255
255
255
255
255
255
255
255
255
255
255
255
255
255
255
255
255
255
255
255
255
255
255
255
255
255
255
255
255
255
255
255
255
255
255
255
255
255
255
255
255
255
255
255
255
255
255
255
255
255
255
255
255
255
255
239
214
188
167
159
141
121
104
93
96
112
150
192
230
255
255
255
255
255
255
255
255
255
255
255
255
255
255
255
255
255
255
255
255
255
223
150
71
6
0
4
66
141
212
255
255
255
255
255
255
255
255
255
255
255
255
255
255
255
255
255
255
255
255
255
255
255
255
255
255
255
255
255
255
255
255
255
255
255
255
255
255
255
255
255
255
255
255
255
255
255
255
255
255
255
255
255
255
255
255
248
239
228
220
216
183
137
88
51
39
61
112
169
221
255
255
255
255
255
255
255
255
255
255
255
255
255
255
255
255
255
255
255
255
255
212
147
78
22
0
22
78
147
212
255
255
255
255
255
255
255
255
255
255
255
255
255
255
255
255
255
255
255
255
255
255
255
255
255
255
255
255
255
255
255
255
255
255
255
255
255
255
255
255
255
255
255
255
255
255
255
255
255
255
255
255
255
255
255
255
255
255
255
255
255
212
147
78
22
0
26
86
154
215
255
255
255
255
255
255
255
255
255
255
255
255
255
255
255
255
248
239
228
220
216
183
137
88
51
39
57
105
163
219
255
255
255
255
255
255
255
255
255
255
255
255
255
255
255
255
255
255
255
255
255
255
255
255
255
255
255
255
255
255
255
255
255
255
255
255
255
255
255
255
255
255
255
255
255
255
255
255
255
255
255
255
255
255
255
255
255
255
255
255
255
224
151
74
10
0
11
75
148
212
255
255
255
255
255
255
255
255
255
255
255
255
255
255
255
255
239
214
188
167
159
141
121
104
93
96
110
145
188
228
255
255
255
255
255
255
255
255
255
255
255
255
255
255
255
255
255
255
255
255
255
255
255
255
255
255
255
255
255
255
255
255
255
255
255
255
255
255
255
255
255
255
255
255
255
255
255
255
255
255
255
255
255
255
255
255
255
255
255
255
255
226
152
73
8
0
10
74
147
212
255
255
255
255
255
255
255
255
255
255
255
255
255
255
255
255
228
188
145
110
96
93
104
121
141
159
167
188
214
239
255
255
255
255
255
255
255
255
255
255
255
255
255
255
255
255
255
255
255
255
255
255
255
255
255
255
255
255
255
255
255
255
255
255
255
255
255
255
255
255
255
255
255
255
255
255
255
255
255
255
255
255
255
255
255
255
255
255
255
255
255
221
150
75
13
0
15
78
149
213
255
255
255
255
255
255
255
255
255
255
255
255
255
255
255
255
219
163
105
57
39
51
88
137
183
216
220
228
239
248
255
255
255
255
255
255
255
255
255
255
255
255
255
255
255
255
255
255
255
255
255
255
255
255
255
255
255
255
255
255
255
255
255
255
255
255
255
255
255
255
255
255
255
255
255
255
255
255
255
255
255
255
255
255
255
255
255
255
255
255
255
215
148
77
19
0
22
83
152
214
255
255
255
255
255
255
255
255
255
255
255
255
255
255
255
255
212
147
78
22
0
22
78
147
212
255
255
255
255
255
255
255
255
255
255
255
255
255
255
255
255
255
255
255
255
255
255
255
255
255
255
255
255
255
255
255
255
255
255
255
255
255
255
255
255
255
255
255
255
255
255
255
255
255
255
255
255
255
255
255
255
255
255
255
255
255
255
255
255
255
255
212
147
78
22
0
26
86
154
215
255
255
255
255
255
255
255
255
255
255
255
255
255
255
255
255
212
141
66
4
0
6
71
150
223
255
255
255
255
255
255
255
255
255
255
255
255
255
255
255
255
255
255
255
255
255
255
255
255
255
255
255
255
255
255
255
255
255
255
255
255
255
255
255
255
255
255
255
255
255
255
255
255
255
255
255
255
255
255
255
255
255
255
255
255
255
255
255
255
255
255
212
147
78
22
0
26
86
154
215
255
255
255
255
255
255
255
255
255
255
255
255
255
255
255
255
218
143
62
0
0
0
65
147
224
255
255
255
255
255
255
255
255
255
255
255
255
255
255
255
255
255
255
255
255
255
255
255
255
255
255
255
255
255
255
255
255
255
255
255
255
255
255
255
255
255
255
255
255
255
255
255
255
255
255
255
255
255
255
255
255
255
255
255
255
255
255
255
255
255
255
212
147
78
22
0
26
86
154
215
255
255
255
255
255
255
255
255
255
255
255
255
255
255
255
255
224
147
65
0
0
0
62
143
218
255
255
255
255
255
255
255
255
255
255
255
255
255
255
255
255
255
255
255
255
255
255
255
255
255
255
255
255
255
255
255
255
255
255
255
255
255
255
255
255
255
255
255
255
255
255
255
255
255
255
255
255
255
255
255
255
255
255
255
255
255
255
255
255
255
255
212
147
78
22
0
26
86
154
215
255
255
255
255
255
255
255
255
255
255
255
255
255
255
255
255
223
150
71
6
0
4
66
141
212
255
255
255
255
255
255
255
255
255
255
255
255
255
255
255
255
255
255
255
255
255
255
255
255
255
255
255
255
255
255
255
255
255
255
255
255
255
255
255
255
255
255
255
255
255
255
255
255
255
255
255
255
255
255
255
255
255
255
255
255
255
255
255
255
255
255
212
147
78
22
0
26
86
154
215
255
255
255
255
255
255
255
255
255
255
255
255
255
255
255
255
212
147
78
22
0
22
78
147
212
255
255
255
255
255
255
255
255
255
255
255
255
255
255
255
255
255
255
255
255
255
255
255
255
255
255
255
255
255
255
255
255
255
255
255
255
255
255
255
255
255
255
255
255
255
255
255
255
255
255
255
255
255
255
255
255
255
255
255
255
255
255
255
255
255
255
212
147
78
22
0
26
86
154
215
255
255
255
255
255
255
255
255
255
255
255
248
238
228
219
216
183
138
91
54
43
61
109
167
223
255
255
255
255
255
255
255
255
255
255
255
255
255
255
255
255
255
255
255
255
255
253
243
232
223
216
216
215
214
213
212
212
212
212
212
212
212
212
212
212
212
212
212
212
212
212
213
214
215
216
216
223
232
243
253
255
255
255
255
255
255
255
255
255
255
255
215
149
79
22
0
26
86
154
215
255
255
255
255
255
255
255
255
255
255
255
239
214
188
167
159
142
125
111
104
108
122
157
200
240
255
255
255
255
255
255
255
255
255
255
255
255
255
255
255
255
255
255
255
255
255
251
227
200
176
159
157
155
151
149
147
147
147
147
147
147
147
147
147
147
147
147
147
147
147
147
149
151
155
157
159
176
200
227
251
255
255
255
255
255
255
255
255
255
255
255
222
154
82
23
0
25
85
153
215
255
255
255
255
255
255
255
255
255
255
255
228
187
143
108
96
95
110
132
156
177
186
207
233
255
255
255
255
255
255
255
255
255
255
255
255
255
255
255
255
255
255
255
255
255
255
246
207
163
123
96
93
89
84
80
78
78
78
78
78
78
78
78
78
78
78
78
78
78
78
78
80
84
89
93
96
123
163
207
246
255
255
255
255
255
255
255
255
255
255
255
227
158
84
24
0
25
85
153
215
255
255
255
255
255
255
255
255
255
255
255
218
163
104
56
39
52
93
146
197
233
236
244
255
255
255
255
255
255
255
255
255
255
255
255
255
255
255
255
255
255
255
255
255
255
255
236
184
126
74
39
36
33
29
25
22
22
22
22
22
22
22
22
22
22
22
22
22
22
22
22
25
29
33
36
39
74
126
184
236
255
255
255
255
255
255
255
255
255
255
255
226
156
83
23
0
25
85
153
215
255
255
255
255
255
255
255
255
255
255
255
212
147
78
22
0
22
78
147
212
255
255
255
255
255
255
255
255
255
255
255
255
255
255
255
255
255
255
255
255
255
255
255
255
255
255
216
159
96
39
0
0
0
0
0
0
0
0
0
0
0
0
0
0
0
0
0
0
0
0
0
0
0
0
0
0
39
96
159
216
255
255
255
255
255
255
255
255
255
255
255
212
147
78
22
0
26
86
154
215
255
255
255
255
255
255
255
255
255
255
255
209
140
67
6
0
2
58
125
188
228
227
223
219
215
212
212
212
212
212
212
212
212
212
212
212
212
212
212
212
212
212
212
212
212
212
177
125
67
15
0
0
0
6
16
22
22
22
22
22
22
22
22
22
22
22
22
22
22
22
22
16
6
0
0
0
15
67
125
177
212
212
212
212
212
212
212
212
212
212
212
176
121
62
15
0
25
86
154
215
255
255
255
255
255
255
255
255
255
255
255
209
139
64
1
0
0
31
84
134
165
164
160
155
150
147
147
147
147
147
147
147
147
147
147
147
147
147
147
147
147
147
147
147
147
147
120
80
36
0
0
0
10
37
61
78
78
78
78
78
78
78
78
78
78
78
78
78
78
78
78
61
37
10
0
0
0
36
80
120
147
147
147
147
147
147
147
147
147
147
147
120
79
36
1
0
22
85
154
215
255
255
255
255
255
255
255
255
255
255
255
210
142
69
6
0
0
8
40
70
90
89
86
83
80
78
78
78
78
78
78
78
78
78
78
78
78
78
78
78
78
78
78
78
78
78
61
37
10
0
0
0
36
80
120
147
147
147
147
147
147
147
147
147
147
147
147
147
147
147
147
120
80
36
0
0
0
10
37
61
78
78
78
78
78
78
78
78
78
78
78
61
37
11
0
0
21
86
155
215
255
255
255
255
255
255
255
255
255
255
255
212
149
80
19
0
0
0
7
19
27
26
25
24
23
22
22
22
22
22
22
22
22
22
22
22
22
22
22
22
22
22
22
22
22
22
16
6
0
0
0
15
67
125
177
212
212
212
212
212
212
212
212
212
212
212
212
212
212
212
212
177
125
67
15
0
0
0
6
16
22
22
22
22
22
22
22
22
22
22
22
16
6
0
0
0
26
91
158
216
255
255
255
255
255
255
255
255
255
255
255
216
159
96
39
0
0
0
0
0
0
0
0
0
0
0
0
0
0
0
0
0
0
0
0
0
0
0
0
0
0
0
0
0
0
0
0
0
0
0
0
39
96
159
216
255
255
255
255
255
255
255
255
255
255
255
255
255
255
255
255
216
159
96
39
0
0
0
0
0
0
0
0
0
0
0
0
0
0
0
0
0
0
0
0
0
42
103
166
219
255
255
255
255
255
255
255
255
255
255
255
222
174
121
73
39
37
34
29
25
22
22
22
22
22
22
22
22
22
22
22
22
22
22
22
22
22
22
22
22
22
22
22
22
22
22
25
29
33
36
39
74
126
184
236
255
255
255
255
255
255
255
255
255
255
255
255
255
255
255
255
236
184
126
74
39
36
33
29
25
22
22
22
22
22
22
22
22
22
22
22
25
29
34
37
39
75
127
180
225
255
255
255
255
255
255
255
255
255
255
255
231
196
157
121
96
94
90
85
81
78
78
78
78
78
78
78
78
78
78
78
78
78
78
78
78
78
78
78
78
78
78
78
78
78
78
80
84
89
93
96
123
163
207
246
255
255
255
255
255
255
255
255
255
255
255
255
255
255
255
255
246
207
163
123
96
93
89
84
80
78
78
78
78
78
78
78
78
78
78
78
81
85
90
94
96
123
161
200
233
255
255
255
255
255
255
255
255
255
255
255
241
219
196
175
159
158
155
152
149
147
147
147
147
147
147
147
147
147
147
147
147
147
147
147
147
147
147
147
147
147
147
147
147
147
147
149
151
155
157
159
176
200
227
251
255
255
255
255
255
255
255
255
255
255
255
255
255
255
255
255
251
227
200
176
159
157
155
151
149
147
147
147
147
147
147
147
147
147
147
147
149
152
155
158
159
176
199
222
242
255
255
255
255
255
255
255
255
255
255
255
249
241
231
222
216
216
215
214
213
212
212
212
212
212
212
212
212
212
212
212
212
212
212
212
212
212
212
212
212
212
212
212
212
212
212
213
214
215
216
216
223
232
243
253
255
255
255
255
255
255
255
255
255
255
255
255
255
255
255
255
253
243
232
223
216
216
215
214
213
212
212
212
212
212
212
212
212
212
212
212
213
214
215
216
216
223
232
242
250
255
255
255
255
255
255
255
255
255
255
255
255
255
255
255
255
255
255
255
255
255
255
255
255
255
255
255
255
255
255
255
255
255
255
255
255
255
255
255
255
255
255
255
255
255
255
255
255
255
255
255
255
255
255
255
255
255
255
255
255
255
255
255
255
255
255
255
255
255
255
255
255
255
255
255
255
255
255
255
255
255
255
255
255
255
255
255
255
255
255
255
255
255
255
255
255
255
255
255
255
255
255
255
255
255
255
255
255
255
255
255
255
255
255
255
255
255
255
255
255
255
255
255
255
255
255
255
255
255
255
255
255
255
255
255
255
255
255
255
255
255
255
255
255
255
255
255
255
255
255
255
255
255
255
255
255
255
255
255
255
255
255
255
255
255
255
255
255
255
255
255
255
255
255
255
255
255
255
255
255
255
255
255
255
255
255
255
255
255
255
255
255
255
255
255
255
255
255
255
255
255
255
255
255
255
255
255
255
255
255
255
255
255
255
255
255
255
255
255
255
255
255
255
255
255
255
255
255
255
255
255
255
255
255
255
255
255
255
255
255
255
255
255
255
255
255
255
255
255
255
255
255
255
255
255
255
255
255
255
255
255
255
255
255
255
255
255
255
255
255
255
255
255
255
255
255
255
255
255
255
255
255
255
255
255
255
255
255
255
255
255
255
255
255
255
255
255
255
255
255
255
255
255
255
255
255
255
255
255
255
255
255
255
255
255
255
255
255
255
255
255
255
255
255
255
255
255
255
255
255
255
255
255
255
255
255
255
255
255
255
255
255
255
255
255
255
255
255
255
255
255
255
255
255
255
255
255
255
255
255
255
255
255
255
255
255
255
255
255
255
255
255
255
255
255
255
255
255
255
255
255
255
255
255
255
255
255
255
255
255
255
255
255
255
255
255
255
255
255
255
255
255
255
255
255
255
255
255
255
255
255
255
255
255
255
255
255
255
255
255
255
255
255
255
255
255
255
255
255
255
255
255
255
255
255
255
255
255
255
255
255
255
255
255
255
255
255
255
255
255
255
255
255
255
255
255
255
255
255
255
255
255
255
255
255
255
255
255
255
255
255
255
255
255
255
255
255
255
255
255
255
255
255
255
255
255
255
255
255
255
255
255
255
255
255
255
255
255
255
255
255
255
255
255
255
255
255
255
255
255
255
255
255
255
255
255
255
255
255
255
255
255
255
255
255
255
255
255
255
255
255
255
255
255
255
255
255
255
255
255
255
255
255
255
255
255
255
255
255
255
255
255
255
255
255
255
255
255
255
255
255
255
255
255
255
255
255
255
255
255
255
255
255
255
255
255
255
255
255
255
255
255
255
255
255
255
255
255
255
255
255
255
255
255
255
255
255
255
255
255
255
255
255
255
255
255
255
255
255
255
255
255
255
255
255
255
255
255
255
255
255
255
255
255
255
255
255
255
255
255
255
255
255
255
255
255
255
255
255
255
255
255
255
255
255
255
255
255
255
255
255
255
255
255
255
255
255
255
255
255
255
255
255
255
255
255
255
255
255
255
255
255
255
255
255
255
255
255
255
255
255
255
255
255
255
255
255
255
255
255
255
255
255
255
255
255
255
255
255
255
255
255
255
255
255
255
255
255
255
255
255
255
255
255
255
255
255
255
255
255
255
255
255
255
255
255
255
255
255
255
255
255
255
255
255
255
255
255
255
255
255
255
255
255
255
255
255
255
255
255
255
255
255
255
255
255
255
255
255
255
255
255
255
255
255
255
255
255
255
255
255
255
255
255
255
255
255
255
255
255
255
255
255
255
255
255
255
255
255
255
255
255
255
255
255
255
255
255
255
255
255
255
255
