circle
255
255
255
255
255
255
255
255
255
255
255
255
255
255
255
255
255
255
255
255
255
255
255
255
255
255
255
255
255
255
255
255
255
255
255
255
255
255
255
254
254
253
253
253
253
253
254
254
254
254
254
254
254
254
254
254
254
254
254
253
253
253
253
253
254
254
255
255
255
255
255
255
255
255
255
255
255
255
255
255
255
255
255
255
255
255
255
255
255
255
255
255
255
255
255
255
255
255
255
255
255
255
255
255
255
255
255
255
255
255
255
255
255
255
255
255
255
255
255
255
255
255
255
255
255
255
255
255
255
255
255
255
255
255
255
255
255
255
255
254
254
253
253
253
253
253
254
254
254
254
254
254
254
254
254
254
254
254
254
253
253
253
253
253
254
254
255
255
255
255
255
255
255
255
255
255
255
255
255
255
255
255
255
255
255
255
255
255
255
255
255
255
255
255
255
255
255
255
255
255
255
255
255
255
255
255
255
255
255
255
255
255
255
255
255
255
255
255
255
255
255
255
255
255
255
255
255
255
255
255
255
255
255
255
255
255
255
255
255
254
254
253
253
253
253
253
254
254
254
254
254
254
254
254
254
254
254
254
254
253
253
253
253
253
254
254
255
255
255
255
255
255
255
255
255
255
255
255
255
255
255
255
255
255
255
255
255
255
255
255
255
255
255
255
255
255
255
255
255
255
255
255
255
255
255
255
255
255
255
255
255
255
255
255
255
255
255
255
255
255
255
255
255
255
255
255
255
255
255
255
255
255
255
254
254
254
255
255
255
254
254
253
254
254
254
254
255
254
254
254
254
254
254
254
254
254
254
255
255
254
254
254
254
253
254
254
255
255
255
254
254
254
255
255
255
255
255
255
255
255
255
255
255
255
255
255
255
255
255
255
255
255
255
255
255
255
255
255
255
255
255
255
255
255
255
255
255
255
255
255
255
255
255
255
255
255
255
255
255
255
255
255
255
255
255
255
255
255
255
255
254
254
254
253
253
253
254
254
255
254
254
254
254
255
255
255
255
255
255
255
255
255
255
255
255
255
255
255
255
255
255
254
254
254
254
254
255
254
254
253
253
253
254
254
255
255
255
255
255
255
255
255
255
255
255
255
255
255
255
255
255
255
255
255
255
255
255
255
255
255
255
255
255
255
255
255
255
255
255
255
255
255
255
255
255
255
255
255
255
255
255
255
255
255
255
255
255
255
255
254
254
253
253
253
253
253
253
254
255
255
255
255
255
255
255
255
255
255
255
255
255
255
255
255
255
255
255
255
255
255
255
255
255
255
255
255
255
254
253
253
253
253
253
254
254
255
255
255
255
255
255
255
255
255
255
255
255
255
255
255
255
255
255
255
255
255
255
255
255
255
255
255
255
255
255
255
255
255
255
255
255
255
255
255
255
255
255
255
255
255
255
255
255
255
255
255
255
255
255
254
254
253
253
252
252
252
253
254
255
255
255
255
255
255
255
255
255
255
255
255
255
255
255
255
255
255
255
255
255
255
255
255
255
255
255
255
255
254
253
252
252
252
253
254
254
255
255
255
255
255
255
255
255
255
255
255
255
255
255
255
255
255
255
255
255
255
255
255
255
255
255
255
255
255
255
255
255
255
255
255
255
255
255
255
255
255
255
255
255
255
255
255
255
255
255
255
255
255
255
254
254
253
253
252
252
252
253
254
255
255
255
255
255
255
255
255
255
255
255
255
255
255
255
255
255
255
255
255
255
255
255
255
255
255
255
255
255
254
253
252
252
252
253
254
254
255
255
255
255
255
255
255
255
255
255
255
255
255
255
255
255
255
255
255
255
255
255
255
255
255
255
255
255
255
255
255
255
255
255
255
255
255
255
255
255
255
255
255
255
255
255
255
255
254
254
254
254
255
255
254
254
254
254
253
253
253
254
254
255
255
255
255
255
255
255
255
255
255
255
255
255
255
255
255
255
255
255
255
255
255
255
255
255
255
255
255
255
254
254
253
253
253
254
254
254
255
255
255
254
254
254
255
255
255
255
255
255
255
255
255
255
255
255
255
255
255
255
255
255
255
255
255
255
255
255
255
255
255
255
255
255
255
255
255
255
255
255
255
255
255
255
255
254
254
254
254
254
254
254
254
255
254
254
254
254
254
254
255
255
255
255
255
255
255
255
255
255
255
255
255
255
255
255
255
255
255
255
255
255
255
255
255
255
255
255
255
255
255
254
254
254
254
254
255
254
254
254
254
254
254
254
254
254
255
255
255
255
255
255
255
255
255
255
255
255
255
255
255
255
255
255
255
255
255
255
255
255
255
255
255
255
255
255
255
255
255
255
255
255
255
255
255
254
253
253
253
253
254
254
254
255
255
255
255
255
255
255
255
255
255
255
255
255
255
255
255
255
255
255
255
255
255
255
255
255
255
255
255
255
255
255
255
255
255
255
255
255
255
255
255
255
255
255
255
254
254
254
254
253
253
253
254
254
255
255
255
255
255
255
255
255
255
255
255
255
255
255
255
255
255
255
255
255
255
255
255
255
255
255
255
255
255
255
255
255
255
255
255
255
255
255
255
254
253
253
253
253
254
254
254
255
255
255
255
255
255
255
255
255
254
253
249
245
240
238
238
239
242
245
246
246
246
246
245
245
244
241
239
237
236
238
241
247
251
253
254
255
255
255
255
255
255
255
255
254
254
254
254
253
253
253
254
254
255
255
255
255
255
255
255
255
255
255
255
255
255
255
255
255
255
255
255
255
255
255
255
255
255
255
255
255
255
255
255
255
255
255
255
255
255
255
255
254
253
253
253
253
254
255
255
255
255
255
255
255
255
255
255
252
241
229
216
205
198
196
196
198
202
205
206
207
207
206
205
205
203
201
198
195
194
195
200
210
223
236
248
255
255
255
255
255
255
255
255
255
255
254
254
253
253
253
254
254
255
255
255
255
255
255
255
255
255
255
255
255
255
255
255
255
255
255
255
255
255
255
255
255
255
255
255
255
255
255
255
255
255
255
255
255
254
254
254
253
253
253
253
253
254
255
255
255
255
255
255
255
255
255
255
249
224
196
169
150
140
137
139
142
147
150
152
153
153
152
151
150
148
145
142
138
135
136
143
159
184
212
239
255
255
255
255
255
255
255
255
255
255
255
254
253
253
253
253
253
255
255
255
255
255
255
255
255
255
255
255
255
255
255
255
255
255
255
255
255
255
255
255
255
255
255
255
255
255
255
255
255
255
254
254
254
254
254
253
253
253
253
254
254
255
255
255
255
255
255
255
255
255
255
255
242
204
160
121
94
81
79
81
86
91
95
97
98
98
97
96
95
93
89
85
81
77
77
85
107
142
186
228
255
255
255
255
255
255
255
255
255
255
255
255
254
253
253
253
253
254
254
254
254
254
255
255
255
255
255
255
255
255
255
255
255
255
255
255
255
255
255
255
255
255
255
255
255
255
255
255
255
255
254
254
254
253
253
253
253
253
253
254
254
255
255
255
255
255
255
255
255
255
255
255
228
183
130
84
53
38
36
39
44
49
53
56
57
57
56
55
54
51
48
44
39
35
34
43
67
108
160
211
248
255
255
255
255
255
255
255
255
255
255
255
254
253
253
253
253
254
254
254
254
254
255
255
255
255
255
255
255
255
255
255
255
255
255
255
255
255
255
255
255
255
255
255
255
255
255
255
255
255
254
254
254
253
253
253
253
253
253
255
255
255
255
251
247
243
240
239
238
238
238
232
203
159
107
64
36
24
22
25
30
34
38
40
41
41
40
40
39
36
33
30
25
21
20
27
48
86
136
185
222
237
238
238
238
239
241
245
249
253
255
255
255
254
253
253
253
254
254
254
254
254
255
255
255
255
255
255
255
255
255
255
255
255
255
255
255
255
255
255
255
255
255
255
255
255
255
255
255
255
254
254
253
252
253
253
254
254
255
255
255
255
255
243
227
212
201
196
195
195
193
187
162
126
87
56
36
29
29
32
35
38
40
42
43
43
42
42
42
40
38
36
32
29
27
30
43
70
107
145
176
190
193
194
196
199
207
220
236
251
255
255
255
255
254
254
254
254
254
253
253
254
254
255
255
255
255
255
255
255
255
255
255
255
255
255
255
255
255
255
255
255
255
255
255
255
255
255
254
254
253
253
253
252
253
253
254
255
255
255
255
255
255
233
203
174
155
146
144
143
140
133
115
93
70
56
49
49
50
52
53
54
55
56
56
56
56
56
56
56
56
55
53
51
47
46
49
60
79
102
122
134
139
142
144
150
165
190
219
246
255
255
255
255
255
254
254
254
253
253
253
253
254
255
255
255
255
255
255
255
255
255
255
255
255
255
255
255
255
255
255
255
255
255
255
255
255
254
254
254
253
253
252
252
253
254
255
255
255
255
255
255
250
217
176
137
111
99
96
95
92
84
74
67
62
64
69
75
78
78
78
77
77
77
77
77
77
78
78
79
80
80
80
79
75
69
62
58
60
66
75
84
90
94
97
105
124
158
198
236
255
255
255
255
255
255
255
254
253
252
252
253
253
254
254
255
255
255
255
255
255
255
255
255
255
255
255
255
255
255
255
255
255
255
255
255
255
254
254
254
253
253
252
252
253
254
255
255
255
255
254
253
233
195
150
108
80
68
65
63
60
54
53
57
67
80
92
101
105
105
104
102
101
100
100
100
100
101
102
103
105
106
107
106
102
94
82
68
56
49
48
53
59
63
66
74
94
130
174
216
245
254
254
255
255
255
255
254
253
252
252
253
253
254
254
255
255
255
255
255
255
255
255
255
255
255
255
255
255
255
255
255
255
255
255
255
254
254
254
254
253
253
253
253
254
255
255
255
253
245
233
222
195
157
117
82
60
52
50
48
46
45
53
69
90
111
124
133
137
137
135
133
132
131
131
131
131
132
133
134
136
137
138
138
134
127
114
96
75
57
46
43
46
49
51
56
70
99
137
178
210
228
239
249
255
255
255
255
254
253
252
253
253
254
253
254
255
255
255
255
255
255
255
255
255
255
255
255
255
255
255
255
255
255
255
254
254
253
253
254
254
254
253
255
255
255
255
255
252
231
204
176
142
107
77
56
47
45
44
42
42
48
68
97
129
154
166
173
175
175
174
173
172
171
171
171
171
172
172
173
175
175
176
176
174
168
159
139
111
81
59
47
45
45
45
44
49
65
91
125
160
190
217
241
255
255
255
255
255
254
253
253
253
253
252
254
254
255
255
255
255
255
255
255
255
255
255
255
255
255
255
255
255
255
254
254
253
252
253
254
254
254
254
255
255
255
255
255
247
213
170
128
89
59
42
38
42
46
47
45
47
61
92
132
172
201
209
212
214
214
213
212
212
211
211
211
211
212
212
212
213
214
214
214
213
210
205
186
153
114
81
60
53
51
48
42
36
36
48
73
109
149
192
229
255
255
255
255
255
255
254
254
253
252
252
253
254
254
255
255
255
255
255
255
255
255
255
255
255
255
255
255
255
255
254
253
252
252
253
254
255
255
255
255
255
255
255
255
234
191
139
89
48
26
23
33
47
57
60
58
61
80
118
164
209
238
243
244
245
245
244
244
244
244
244
244
244
244
244
244
245
245
245
245
244
244
243
226
191
146
106
79
68
64
60
50
35
22
21
36
68
113
164
211
246
255
255
255
255
255
255
254
253
252
251
252
253
254
255
255
255
255
255
255
255
255
255
255
255
255
255
255
255
255
254
253
252
252
253
254
255
255
255
254
252
249
245
237
208
164
112
65
33
22
29
48
68
79
82
81
85
104
142
188
231
255
255
255
255
255
255
255
255
255
255
255
255
255
255
255
255
255
255
255
255
255
255
248
214
171
131
103
92
87
82
71
53
34
22
26
48
87
136
183
222
243
247
251
253
255
255
254
253
252
251
252
253
254
255
255
255
255
255
255
255
255
255
255
255
255
255
255
255
254
253
253
252
253
254
254
255
255
255
253
245
233
218
199
165
123
81
50
37
44
64
90
111
121
124
122
126
142
172
209
243
255
255
255
255
255
255
255
255
255
255
255
255
255
255
255
255
255
255
255
255
255
255
255
230
195
163
141
131
128
124
114
97
73
52
40
42
62
98
140
181
209
226
240
249
254
255
254
254
253
252
252
253
254
255
254
255
255
255
255
255
255
255
255
255
255
255
255
254
254
253
253
253
254
254
255
255
255
255
250
235
213
183
152
114
78
53
44
55
82
114
145
165
172
174
173
175
185
205
228
249
255
255
255
255
255
255
255
255
255
255
255
255
255
255
255
255
255
255
255
255
255
255
255
241
219
199
185
179
176
174
168
154
128
98
68
47
42
59
91
131
168
199
225
243
253
255
255
254
254
253
253
253
254
255
254
254
255
255
255
255
255
255
255
255
255
255
254
254
253
252
253
254
254
255
255
255
255
255
244
221
188
147
106
67
40
33
46
80
124
165
199
217
221
221
221
222
226
234
243
252
255
255
255
255
255
255
255
255
255
255
255
255
255
255
255
255
255
255
255
255
255
255
255
249
240
231
226
223
222
221
219
209
183
146
102
60
32
27
47
83
126
169
206
232
249
255
255
255
254
254
254
254
254
254
254
254
254
254
255
255
255
255
255
255
255
255
254
253
252
252
253
254
255
255
255
255
255
250
232
201
161
115
69
34
18
28
58
106
158
203
237
253
254
254
254
254
254
254
255
255
255
255
254
253
253
254
254
255
255
255
255
255
255
255
255
255
254
254
254
254
255
255
255
255
255
254
254
254
254
254
254
247
223
184
133
79
35
14
20
48
91
139
182
216
241
253
255
255
255
255
254
254
254
254
253
253
254
254
255
255
255
255
255
255
255
255
253
252
251
251
253
254
255
255
255
255
255
241
211
170
128
86
44
19
20
46
87
136
184
224
254
255
255
255
255
255
255
255
255
255
255
255
254
253
253
254
254
255
255
255
255
255
255
255
255
255
254
254
254
254
255
255
255
255
255
255
255
255
255
255
255
255
242
207
161
110
61
26
15
27
64
108
148
189
225
248
255
255
255
255
254
254
254
254
252
252
253
254
255
255
255
255
255
255
255
255
253
251
250
251
253
255
255
255
255
255
255
228
183
130
86
55
23
15
39
82
131
173
208
238
255
255
255
255
255
255
255
255
255
255
255
255
253
253
253
253
254
255
255
255
255
255
255
255
255
255
254
253
253
253
255
255
255
255
255
255
255
255
255
255
255
255
251
226
191
154
107
58
26
15
38
72
104
153
203
242
255
255
255
255
255
254
254
253
252
251
252
253
254
255
255
255
255
255
255
254
252
250
249
250
253
255
255
255
255
255
254
213
153
87
45
28
8
19
66
125
180
211
230
246
255
255
255
255
255
255
255
255
255
255
255
254
253
253
253
253
254
254
255
255
255
255
255
255
255
254
254
253
253
253
254
254
255
255
255
255
255
255
255
255
255
255
253
240
221
200
158
99
45
9
17
37
60
115
180
233
255
255
255
255
255
255
254
252
251
251
251
253
254
255
255
255
255
255
255
254
251
249
249
250
253
255
255
255
255
255
249
197
125
52
12
7
1
28
93
164
222
242
248
252
255
255
255
255
255
255
255
255
255
255
255
254
253
253
253
253
254
254
255
255
255
255
255
255
255
254
254
253
253
253
254
254
255
255
255
255
255
255
255
255
255
255
254
250
245
239
204
137
67
10
4
10
23
82
156
222
255
255
255
255
255
255
254
252
251
250
250
252
253
255
255
255
255
255
255
254
251
249
249
250
253
255
255
255
254
252
238
180
104
30
0
0
1
39
114
189
247
255
255
255
255
255
255
255
255
255
255
255
255
255
255
254
253
253
253
253
254
254
255
255
255
255
255
255
255
254
254
253
253
253
254
254
255
255
255
255
254
254
254
254
255
255
255
255
255
255
231
163
85
18
0
0
1
59
136
208
249
253
255
255
255
255
254
252
251
250
250
252
253
255
255
255
255
255
255
254
252
250
250
251
254
255
255
255
254
246
223
162
87
18
0
0
11
57
132
205
255
255
255
255
255
255
254
254
253
253
254
254
255
255
255
254
253
254
254
253
254
254
255
255
255
255
255
255
255
254
254
253
253
253
254
254
255
255
255
254
253
252
252
253
254
255
255
255
255
255
244
183
106
35
4
0
0
42
117
190
238
251
255
255
255
255
254
253
252
251
250
252
253
255
255
255
255
255
255
254
252
251
251
253
254
255
255
255
252
237
203
143
73
13
0
1
28
79
150
215
255
255
255
255
255
255
254
253
252
252
253
254
254
255
255
254
254
254
254
254
255
254
255
255
255
255
255
255
255
254
255
254
254
254
254
254
255
255
254
253
252
251
251
252
254
255
255
255
255
255
249
199
130
60
16
0
0
30
98
170
223
247
255
255
255
255
255
253
253
251
251
252
253
255
255
254
254
254
254
254
253
253
253
254
255
255
255
255
246
222
181
123
62
15
0
14
51
104
168
223
255
255
255
255
255
255
253
252
251
251
252
253
254
255
255
255
255
255
255
255
255
255
255
255
255
255
255
255
255
255
255
255
255
255
255
255
255
255
254
252
251
250
250
251
253
254
255
255
255
255
251
213
153
87
35
0
0
24
81
147
203
237
253
255
255
255
255
254
254
252
252
253
253
255
255
254
254
254
254
254
254
254
254
255
255
255
254
246
230
201
156
103
54
22
16
35
77
130
185
230
254
255
255
255
255
255
253
251
250
250
251
253
254
255
255
255
255
255
255
255
255
255
255
255
255
255
255
255
255
255
255
255
255
255
255
255
255
255
254
252
251
249
249
251
253
254
255
255
255
255
253
224
174
115
59
19
6
23
67
124
179
219
241
251
255
255
255
255
255
253
253
253
253
255
255
254
254
254
254
254
254
254
254
255
255
253
244
225
200
166
125
81
49
37
45
70
111
157
202
238
255
255
254
254
255
255
253
251
250
250
251
253
254
255
255
255
255
255
255
255
255
255
255
255
255
255
255
255
255
255
255
255
255
255
255
255
255
255
254
252
251
250
250
251
253
254
255
255
255
255
255
235
194
145
94
52
30
30
54
98
145
184
214
234
247
254
255
255
255
253
253
253
253
255
254
253
253
254
253
254
255
255
255
255
255
250
228
195
155
117
86
57
49
62
88
121
154
187
219
244
255
254
253
253
254
255
254
252
252
252
252
254
254
255
255
255
255
255
255
255
255
255
255
255
255
255
255
255
255
255
255
255
255
255
255
255
255
255
254
253
252
251
251
252
253
254
254
254
254
255
255
242
214
179
141
101
67
45
43
67
101
134
173
208
236
253
255
255
255
254
254
254
254
254
254
253
253
253
253
255
255
255
255
255
255
247
211
161
107
66
48
33
51
91
136
175
199
218
235
249
255
253
252
252
253
254
254
253
253
253
253
254
255
255
255
255
255
255
255
255
255
255
255
255
255
255
255
255
255
255
255
255
255
255
255
255
255
255
255
254
254
253
253
253
254
253
253
254
254
254
255
248
233
213
191
154
109
64
35
37
56
81
129
180
224
252
255
255
255
254
254
254
254
254
253
252
252
253
253
255
255
255
255
255
255
244
196
131
64
22
15
14
54
116
177
222
237
243
249
253
254
252
251
251
252
254
255
255
254
254
255
255
255
255
255
255
255
255
255
255
255
255
255
255
255
255
255
255
255
255
255
255
255
255
255
255
255
255
255
255
255
254
254
254
254
253
252
253
253
254
255
253
248
242
233
202
146
82
29
12
18
35
90
155
213
251
255
255
255
255
255
255
255
254
253
252
252
253
253
255
255
255
255
255
255
241
185
111
38
0
0
2
57
133
203
251
255
255
255
255
254
252
251
251
252
254
255
255
255
255
255
255
255
255
255
255
255
255
255
255
255
255
255
255
255
255
255
255
255
255
255
255
255
255
255
255
255
255
255
255
255
255
255
254
254
253
252
253
253
254
255
255
255
255
255
231
171
96
27
0
0
6
65
139
206
250
255
255
255
255
255
255
255
254
253
252
252
253
253
255
255
255
255
255
255
239
179
101
25
0
0
0
61
143
216
255
255
255
255
255
254
252
251
250
252
254
255
255
255
255
255
255
255
255
255
255
255
255
255
255
255
255
255
255
255
255
255
255
255
255
255
255
255
255
255
255
255
255
255
255
255
255
255
254
254
252
251
252
253
254
255
255
255
255
255
245
186
107
31
0
0
0
52
130
202
249
255
255
255
255
255
255
255
254
253
252
252
253
253
255
255
255
255
255
255
238
176
96
21
0
0
3
66
148
221
255
255
255
255
255
254
252
251
250
252
253
255
255
255
255
255
255
255
255
255
255
255
255
255
255
255
255
255
255
255
255
255
255
255
255
255
255
255
255
255
255
255
255
255
255
255
255
255
254
253
252
251
251
252
253
255
255
255
255
255
250
195
116
38
0
0
0
46
126
201
249
255
255
255
255
255
255
255
254
253
253
253
253
254
255
255
255
255
255
255
236
174
94
21
0
0
8
71
151
221
255
255
255
255
255
254
252
251
250
252
253
255
255
255
255
255
255
255
255
255
255
255
255
255
255
255
255
255
255
255
255
255
255
255
255
255
255
255
255
255
255
255
255
255
255
255
255
255
254
253
251
250
250
252
253
255
255
255
255
255
250
200
124
46
0
0
0
44
125
200
249
255
255
255
255
255
255
255
254
253
253
253
253
254
255
255
255
255
255
255
236
174
94
22
0
0
12
75
153
221
254
255
255
255
255
254
252
251
250
252
253
255
255
255
255
255
255
255
255
255
255
255
255
255
255
255
255
255
255
255
255
255
255
255
255
255
255
255
255
255
255
255
255
255
255
255
255
255
254
253
251
250
250
252
253
255
255
255
255
255
250
203
130
52
1
0
0
44
125
201
249
255
255
255
255
255
255
255
254
253
253
253
253
254
255
255
255
255
255
255
237
175
95
22
0
0
12
75
154
222
254
255
255
255
255
254
252
251
250
252
253
255
255
255
255
255
255
255
255
255
255
255
255
255
255
255
255
255
255
255
255
255
255
255
255
255
255
255
255
255
255
255
255
255
255
255
255
255
254
253
251
250
250
252
253
255
255
255
255
255
251
206
133
54
1
0
0
45
126
202
250
255
255
255
255
255
255
255
254
253
253
253
253
254
255
255
255
255
255
255
239
179
99
26
0
0
11
74
152
220
254
255
255
255
255
254
253
252
251
253
253
255
255
255
255
255
255
255
255
255
255
255
255
255
255
255
255
255
255
255
255
255
255
255
255
255
255
255
255
255
255
255
255
255
255
255
255
255
254
253
251
251
251
252
253
255
255
255
255
255
251
205
133
54
1
0
1
49
131
206
251
255
255
255
255
255
255
255
254
253
253
253
254
254
255
255
255
255
255
255
241
184
105
30
0
0
10
71
150
218
254
255
255
255
255
255
253
252
252
253
254
255
255
255
255
255
255
255
255
255
255
255
255
255
255
255
255
255
255
255
255
255
255
255
255
255
255
255
255
255
255
255
255
255
255
255
255
255
255
254
252
251
251
253
254
255
255
255
255
255
250
202
131
53
1
0
3
55
137
211
252
255
255
255
255
255
255
255
254
253
253
253
254
254
255
255
255
255
255
255
243
188
110
34
0
0
9
69
148
216
253
255
255
255
255
255
254
253
253
254
254
255
255
255
255
255
255
255
255
255
255
255
255
255
255
255
255
255
255
255
255
255
255
255
255
255
255
255
255
255
255
255
255
255
255
255
255
255
255
254
252
252
252
253
254
255
255
255
255
255
248
200
129
52
2
0
5
60
142
214
254
255
255
255
255
255
255
255
254
253
253
253
254
254
255
255
255
255
255
255
244
189
111
35
0
0
9
69
147
215
253
255
255
255
255
255
254
253
253
254
254
255
255
255
255
255
255
255
255
255
255
255
255
255
255
255
255
255
255
255
255
255
255
255
255
255
255
255
255
255
255
255
255
255
255
255
255
255
255
254
252
252
252
253
254
255
255
255
255
255
248
200
129
52
2
0
5
61
143
215
254
255
255
255
255
255
255
255
254
253
253
253
254
254
255
255
255
255
255
255
243
186
108
32
0
0
10
71
149
217
254
255
255
255
255
255
254
253
253
254
254
255
255
255
255
255
255
255
255
255
255
255
255
255
255
255
255
255
255
255
255
255
255
255
255
255
255
255
255
255
255
255
255
255
255
255
255
255
255
254
252
252
252
253
254
255
255
255
255
255
249
203
132
55
3
0
4
58
140
213
253
255
255
255
255
255
255
255
254
253
253
253
254
254
255
255
255
255
255
255
241
181
102
28
0
0
11
74
152
220
254
255
255
255
255
255
253
252
252
253
254
255
255
255
255
255
255
255
255
255
255
255
255
255
255
255
255
255
255
255
255
255
255
255
255
255
255
255
255
255
255
255
255
255
255
255
255
255
255
254
252
252
252
252
254
255
255
255
255
255
251
207
136
58
4
0
3
53
135
209
252
255
255
255
255
255
255
255
254
253
253
253
253
254
255
255
255
255
255
255
238
176
96
23
0
0
12
77
155
222
255
255
255
255
255
254
252
251
252
253
254
255
255
255
255
255
255
255
255
255
255
255
255
255
255
255
255
255
255
255
255
255
255
255
255
255
255
255
255
255
255
255
255
255
255
255
255
255
254
253
252
251
251
252
254
255
255
255
255
255
252
210
140
61
5
0
1
47
129
205
251
255
255
255
255
255
255
255
254
253
253
253
253
254
255
255
255
255
255
255
236
173
93
20
0
0
13
78
156
223
255
255
255
255
255
254
252
251
251
252
254
255
255
255
255
255
255
255
255
255
255
255
255
255
255
255
255
255
255
255
255
255
255
255
255
255
255
255
255
255
255
255
255
255
255
255
255
255
254
253
252
251
251
252
254
255
255
255
255
255
252
211
141
61
5
0
0
43
125
202
249
255
255
255
255
255
255
255
254
253
253
253
253
254
255
255
255
255
255
255
235
171
91
19
0
0
12
77
155
223
255
255
255
255
255
254
252
251
251
252
254
255
255
255
255
255
255
255
255
255
255
255
255
255
255
255
255
255
255
255
255
255
255
255
255
255
255
255
255
255
255
255
255
255
255
255
255
255
254
253
252
251
251
252
254
255
255
255
255
255
252
210
138
59
4
0
0
42
123
200
248
255
255
255
255
255
255
255
254
253
253
253
253
254
255
255
255
255
255
255
235
170
89
15
0
0
8
73
154
224
255
255
255
255
255
254
252
251
251
252
254
255
255
255
255
255
255
255
255
255
255
255
255
255
255
255
255
255
255
255
255
255
255
255
255
255
255
255
255
255
255
255
255
255
255
255
255
255
254
253
252
252
252
253
254
255
255
255
255
255
255
208
133
52
0
0
0
39
120
197
248
255
255
255
255
255
255
255
254
253
253
253
253
253
255
255
255
255
255
255
235
170
88
14
0
0
4
68
151
224
255
255
255
255
255
254
252
251
251
252
254
255
255
255
255
255
255
255
255
255
255
255
255
255
255
255
255
255
255
255
255
255
255
255
255
255
255
255
255
255
255
255
255
255
255
255
255
255
255
254
253
252
252
253
254
255
255
255
255
255
255
203
126
44
0
0
0
38
119
196
247
255
255
255
255
255
255
255
254
253
253
253
253
253
255
255
255
255
255
255
236
173
93
19
0
0
3
63
144
217
255
255
255
255
255
254
253
252
251
252
254
255
255
255
255
255
255
255
255
255
255
255
255
255
255
255
255
255
255
255
255
255
255
255
255
255
255
255
255
255
255
255
255
255
255
255
255
255
255
254
253
253
253
254
254
255
255
255
255
255
251
194
117
38
0
0
0
43
122
197
247
255
255
255
255
255
255
255
254
253
253
253
253
253
255
255
255
255
255
255
237
180
105
35
3
2
7
58
132
201
246
253
254
254
255
254
253
252
251
252
254
255
255
255
255
255
255
255
255
255
255
255
255
255
255
255
255
255
255
255
255
255
255
255
255
255
255
255
255
255
255
255
255
255
255
255
255
255
255
254
253
253
253
254
254
255
255
254
253
253
234
177
105
35
1
2
8
58
132
201
247
255
255
255
255
255
255
255
254
253
253
253
253
253
255
255
255
255
255
255
241
194
130
67
33
22
17
52
110
169
214
230
241
250
255
254
253
253
252
253
254
255
254
254
254
254
255
255
255
255
255
255
255
255
255
255
255
255
255
255
255
255
255
255
255
255
255
255
255
255
255
255
255
255
255
254
254
254
254
254
253
254
254
254
254
255
253
246
237
226
200
148
88
35
17
27
41
88
152
210
248
255
255
255
255
255
255
255
254
253
253
253
253
253
255
255
255
255
255
255
245
212
163
111
74
51
31
45
81
127
170
200
224
243
254
255
254
253
253
253
254
254
254
253
253
254
255
255
255
255
255
255
255
255
255
255
255
255
255
255
255
255
255
255
255
255
255
255
255
255
255
255
255
255
254
253
253
253
253
254
253
254
254
255
254
255
251
236
215
189
155
109
67
37
39
62
86
128
179
223
251
255
255
255
255
255
255
255
255
254
254
254
254
254
254
254
255
255
255
255
250
231
198
158
119
82
49
39
52
82
123
165
204
234
253
255
254
254
254
254
255
253
253
252
252
253
254
255
255
255
255
255
255
255
255
255
255
255
255
255
255
255
255
255
255
255
255
255
255
255
255
255
255
254
254
252
251
251
252
253
254
255
255
255
255
255
247
223
189
149
108
70
47
42
63
99
133
171
207
236
253
255
255
255
255
255
254
254
255
254
254
254
254
254
254
254
254
255
255
255
254
246
226
196
158
113
67
38
29
46
83
132
181
223
249
255
255
255
255
255
255
253
252
251
251
252
254
255
255
255
255
255
255
255
255
255
255
255
255
255
255
255
255
255
255
255
255
255
255
255
255
255
255
254
253
251
250
250
251
253
254
255
255
255
255
255
241
207
163
112
67
37
32
49
88
134
174
206
230
247
255
255
255
255
254
254
254
254
255
254
254
254
254
254
254
254
253
254
255
255
255
254
242
221
187
140
87
43
17
23
54
103
157
207
243
255
255
255
255
255
255
253
252
251
251
252
254
255
255
255
255
255
255
255
255
255
255
255
255
255
255
255
255
255
255
255
255
255
255
255
255
255
255
254
253
251
250
250
251
253
254
255
255
255
255
253
231
188
136
83
40
17
25
60
110
162
202
228
244
253
255
255
255
255
254
254
254
254
255
254
254
254
254
254
254
253
252
253
253
254
255
255
250
236
210
169
110
53
11
6
31
71
127
188
237
255
255
255
255
255
255
253
252
251
251
251
254
255
255
255
255
255
254
254
254
254
255
255
255
255
255
255
255
255
254
254
254
255
255
255
255
255
255
254
253
251
249
250
251
253
254
255
255
255
255
254
220
165
104
55
20
3
23
73
135
189
222
241
251
255
255
255
254
254
253
253
253
254
255
255
255
255
255
255
254
252
251
251
252
253
255
255
253
245
229
197
134
67
10
0
14
40
96
166
228
255
255
255
255
255
255
253
252
251
251
251
253
254
255
255
254
254
254
254
254
254
254
254
254
254
254
254
254
254
254
254
254
254
254
254
255
255
254
254
253
251
249
250
251
253
255
255
255
255
255
253
206
140
71
29
6
0
26
89
159
213
237
248
253
255
255
254
253
253
251
251
253
253
255
255
255
255
255
255
254
251
250
250
251
252
255
255
254
250
244
221
158
84
16
0
3
15
67
143
215
255
255
255
255
255
255
254
252
251
251
251
253
254
255
255
254
254
253
253
253
253
254
254
254
254
254
254
254
254
253
253
253
254
254
254
255
255
254
254
253
251
250
250
252
254
255
255
255
255
255
247
189
114
42
10
0
0
35
107
181
234
247
252
254
255
255
254
252
252
250
250
252
253
255
255
255
255
255
255
254
251
249
249
250
252
255
255
255
255
255
240
179
103
30
1
0
1
45
120
195
245
254
255
255
255
255
254
252
251
251
251
253
254
255
255
254
254
253
253
253
253
254
254
254
254
254
254
254
254
253
253
253
254
254
254
255
255
254
254
253
251
250
251
252
254
255
255
255
255
254
231
167
91
22
0
0
4
50
126
200
249
255
255
255
255
255
254
252
251
250
250
252
253
255
255
255
255
255
255
254
251
249
249
250
252
255
255
255
255
255
250
197
127
56
20
7
0
27
91
162
216
236
246
254
255
255
255
255
255
255
254
255
255
255
255
254
254
253
253
253
253
254
254
254
254
254
254
254
254
253
253
253
254
254
254
255
255
255
255
255
254
254
255
255
255
255
255
251
242
230
198
134
66
10
0
12
26
75
147
214
255
255
255
255
255
255
254
252
251
250
250
252
253
255
255
255
255
255
255
254
252
250
250
250
253
255
255
255
255
255
254
214
156
92
50
23
0
12
58
119
176
210
235
253
255
255
255
255
255
255
255
255
255
255
255
254
254
253
252
252
252
253
254
254
254
254
254
254
253
253
252
252
253
254
254
255
255
255
255
255
255
255
255
255
255
255
255
246
224
196
153
92
38
2
7
32
59
108
171
226
255
255
255
255
255
255
254
253
251
251
251
253
254
255
255
255
255
255
255
255
253
251
251
251
253
255
255
255
255
255
255
229
186
132
85
44
8
3
29
76
133
181
221
249
255
255
255
255
255
255
255
255
255
255
255
255
254
253
252
252
252
253
254
254
254
254
254
254
253
253
252
252
253
254
255
255
255
255
255
255
255
255
255
255
255
255
255
237
203
158
106
52
16
2
21
58
97
144
195
235
255
255
255
255
255
255
255
253
252
252
252
253
254
255
255
255
255
255
255
255
254
253
252
252
254
255
255
255
255
255
254
241
211
168
120
70
26
5
11
45
96
151
201
237
255
255
255
255
255
255
255
255
255
255
255
255
254
253
252
252
252
253
254
254
254
254
254
254
253
253
252
252
253
254
255
255
255
255
255
255
255
255
255
255
255
255
252
222
179
124
68
24
5
11
42
87
133
176
215
243
255
255
255
255
255
255
255
254
253
253
253
254
255
255
255
255
255
255
255
255
254
253
252
252
254
255
255
255
255
255
255
250
229
194
150
100
54
23
14
32
73
124
173
212
237
243
244
245
245
245
247
249
252
254
255
255
255
254
253
253
253
254
255
255
255
255
255
255
254
254
253
253
254
255
255
255
255
254
251
248
246
245
245
245
244
242
228
195
151
97
48
18
13
33
71
116
162
200
230
249
255
255
255
255
255
255
255
254
253
253
253
254
255
255
255
255
255
255
255
255
255
254
253
253
254
254
254
254
255
255
255
254
240
215
180
140
98
61
38
36
55
90
130
166
194
206
212
214
215
217
223
233
245
255
255
255
255
255
255
255
255
255
255
255
255
255
255
255
255
255
255
255
255
255
255
255
255
251
240
228
220
216
215
214
210
202
183
150
110
69
39
29
43
74
114
154
190
219
240
252
255
254
254
254
254
254
255
254
254
254
254
254
255
255
255
255
255
255
255
255
255
254
254
253
253
254
253
254
254
255
255
255
247
232
210
184
149
110
74
50
43
55
81
112
142
161
172
176
177
181
193
213
236
255
255
255
255
255
255
255
255
255
255
255
255
255
255
255
255
255
255
255
255
255
255
255
255
247
225
203
187
180
178
176
168
153
130
98
67
45
39
53
84
124
163
193
216
234
247
254
255
254
253
253
253
254
255
255
254
254
254
255
255
255
255
255
255
255
255
255
255
255
255
254
253
253
252
253
254
255
255
255
251
245
236
225
198
158
113
71
41
31
41
64
93
117
132
137
138
144
161
190
223
250
255
255
255
255
255
255
255
255
255
255
255
255
255
255
255
255
255
255
255
255
255
255
255
239
207
176
152
143
140
137
126
106
80
52
33
31
48
83
127
172
209
229
238
246
251
254
255
253
252
252
252
253
255
255
255
255
255
255
255
255
255
255
255
255
255
255
255
255
255
254
253
253
252
253
254
255
255
255
255
255
254
253
234
196
147
95
51
26
22
37
60
84
99
105
106
112
132
165
204
237
255
255
255
255
255
255
255
255
255
255
255
255
255
255
255
255
255
255
255
255
255
255
249
223
186
149
122
111
108
104
93
72
48
27
20
32
65
112
163
209
242
254
254
255
255
255
255
253
252
252
252
253
255
255
255
255
255
255
255
255
255
255
255
255
255
255
255
255
255
254
253
253
252
253
254
255
255
255
255
255
255
255
251
219
174
126
82
49
34
35
45
61
72
77
77
83
102
134
173
209
230
236
239
240
241
241
240
239
239
239
240
240
240
240
240
241
242
242
241
240
237
234
223
194
155
118
92
82
79
75
66
51
37
31
37
60
97
142
189
230
255
255
255
255
255
255
255
253
252
252
252
253
255
255
255
255
255
255
255
255
255
255
255
255
255
255
255
255
255
255
253
253
253
253
254
254
254
255
255
255
255
255
255
234
202
166
131
96
69
50
42
42
45
47
47
51
67
94
131
168
194
207
215
218
219
219
218
216
216
216
216
216
217
218
219
220
221
222
221
217
211
202
185
153
115
81
58
50
48
45
41
37
40
54
77
109
144
178
213
242
255
255
255
255
255
255
254
253
253
253
253
253
255
255
255
255
255
255
255
255
255
255
255
255
255
255
255
255
255
255
254
254
253
254
254
254
254
254
255
255
255
255
255
244
227
207
185
152
114
76
47
32
25
24
24
26
36
57
89
125
154
174
186
192
194
193
191
189
189
189
189
189
190
192
193
196
197
198
196
191
181
167
144
111
76
48
30
25
23
22
22
31
53
87
126
164
194
214
233
248
255
255
255
255
255
254
254
253
253
253
253
254
255
255
255
255
255
255
255
255
255
255
255
255
255
255
255
255
255
255
254
254
254
254
254
253
253
253
253
255
255
255
255
251
247
241
231
200
156
105
61
32
19
15
14
15
21
34
58
89
118
141
157
165
167
166
164
161
161
161
162
162
163
165
167
170
172
172
170
163
150
133
108
78
50
29
16
14
13
13
17
36
72
121
172
213
236
243
248
253
255
255
255
255
253
253
253
253
254
254
254
254
255
255
255
255
255
255
255
255
255
255
255
255
255
255
255
255
255
255
254
254
254
254
254
253
253
253
253
254
254
255
255
255
255
255
255
229
185
131
83
50
34
29
28
28
29
35
49
70
93
114
129
137
140
139
138
135
135
135
136
136
137
139
141
144
145
145
142
135
122
106
85
64
46
34
27
27
26
26
33
55
96
149
201
241
255
255
255
255
255
255
255
254
253
253
253
253
254
254
254
254
255
255
255
255
255
255
255
255
255
255
255
255
255
255
255
255
255
255
254
254
254
254
254
253
253
253
253
254
254
255
255
255
255
255
255
244
208
162
121
92
77
73
73
71
68
63
60
63
70
81
92
99
103
104
103
101
102
102
103
103
104
105
107
108
109
108
104
97
86
78
69
65
65
67
69
71
70
70
76
97
132
177
221
253
255
255
255
255
255
255
255
254
253
253
253
253
254
254
254
254
255
255
255
255
255
255
255
255
255
255
255
255
255
255
255
255
255
255
255
255
255
255
255
253
253
253
253
253
253
254
255
255
255
255
255
250
227
197
168
148
137
134
134
131
123
106
84
65
51
49
53
59
64
66
67
66
67
68
68
68
69
70
70
71
70
68
63
56
50
51
59
77
98
117
128
132
130
130
135
150
176
207
235
255
255
255
255
255
255
254
254
253
253
253
253
253
255
255
255
255
255
255
255
255
255
255
255
255
255
255
255
255
255
255
255
255
255
255
255
255
255
255
255
254
253
253
253
253
253
253
254
255
255
255
255
252
242
229
214
203
196
194
195
192
180
153
114
74
42
26
23
28
33
37
39
40
41
42
42
42
43
43
43
42
40
37
31
25
23
33
57
95
136
169
187
193
191
190
193
203
217
233
246
255
255
255
255
254
254
254
254
253
253
253
254
254
255
255
255
255
255
255
255
255
255
255
255
255
255
255
255
255
255
255
255
255
255
255
255
255
255
255
255
254
253
253
253
253
253
253
253
254
254
255
255
255
254
252
247
242
239
238
239
236
222
189
141
89
46
22
14
17
22
27
30
32
34
35
35
35
35
35
34
32
29
25
19
14
15
31
66
115
168
208
231
237
235
234
236
242
247
252
254
255
255
254
254
253
253
254
254
253
253
253
254
254
255
255
255
255
255
255
255
255
255
255
255
255
255
255
255
255
255
255
255
255
255
255
255
255
255
255
255
254
253
253
253
253
253
253
253
254
254
255
255
255
255
255
255
255
255
255
255
255
243
212
166
115
72
46
36
38
43
48
51
53
55
56
56
56
56
56
55
52
49
45
39
35
38
56
91
140
191
230
251
255
255
254
255
255
255
255
255
255
255
254
254
253
253
254
254
253
253
253
254
254
255
255
255
255
255
255
255
255
255
255
255
255
255
255
255
255
255
255
255
255
255
255
255
255
255
255
255
254
254
254
254
254
254
253
253
253
253
254
255
255
255
255
255
255
255
255
255
255
252
229
194
154
118
95
85
85
89
93
97
99
102
102
102
102
102
102
100
97
94
90
86
83
87
104
134
173
213
242
255
255
255
255
255
255
255
255
255
255
255
253
253
253
253
254
254
254
254
254
254
254
255
255
255
255
255
255
255
255
255
255
255
255
255
255
255
255
255
255
255
255
255
255
255
255
255
255
255
255
254
254
254
254
254
254
253
253
253
254
255
255
255
255
255
255
255
255
255
255
254
241
221
196
171
153
145
143
146
149
153
155
157
158
157
157
157
157
155
152
150
146
143
142
146
160
182
208
232
248
255
255
255
255
255
255
255
255
255
255
254
253
253
253
253
254
255
254
254
254
255
255
255
255
255
255
255
255
255
255
255
255
255
255
255
255
255
255
255
255
255
255
255
255
255
255
255
255
255
255
255
255
255
255
255
254
253
253
253
253
254
255
255
255
255
255
255
255
255
255
254
250
244
232
217
206
198
196
197
200
203
205
207
207
207
207
206
206
204
202
200
196
195
195
199
210
224
237
247
252
255
255
255
255
255
255
255
255
255
255
254
253
253
253
253
254
255
255
255
255
255
255
255
255
255
255
255
255
255
255
255
255
255
255
255
255
255
255
255
255
255
255
255
255
255
255
255
255
255
255
255
255
255
255
255
254
253
253
253
253
254
255
255
255
255
255
255
255
255
255
255
255
255
254
245
237
231
228
228
230
233
235
237
237
237
237
236
236
234
232
230
227
227
228
232
240
249
255
255
255
255
255
255
255
255
255
255
255
255
255
254
253
253
253
253
254
255
255
255
255
255
255
255
255
255
255
255
255
255
255
255
255
255
255
255
255
255
255
255
255
255
255
255
255
255
255
255
255
255
255
255
255
255
255
255
254
254
253
253
253
254
255
255
255
255
255
255
255
255
255
255
255
255
255
255
251
246
244
244
245
248
249
251
250
250
250
250
250
248
247
245
243
243
244
247
253
255
255
255
255
255
255
255
255
255
255
255
255
255
255
254
253
253
254
254
254
255
255
255
255
255
255
255
255
255
255
255
255
255
255
255
255
255
255
255
255
255
255
255
255
255
255
255
255
255
255
255
255
255
255
255
255
255
255
255
255
254
254
254
254
254
255
255
255
254
254
253
253
253
254
255
255
255
255
255
255
252
251
251
252
253
254
255
255
255
255
254
254
253
252
251
250
250
251
253
255
255
255
255
255
255
254
253
253
254
254
254
255
255
255
254
254
254
254
254
255
255
255
255
255
255
255
255
255
255
255
255
255
255
255
255
255
255
255
255
255
255
255
255
255
255
255
255
255
255
255
255
255
255
255
255
255
255
255
255
255
255
255
255
255
255
255
255
254
254
253
251
251
251
253
254
255
255
255
255
255
253
253
253
253
254
254
255
255
255
255
254
254
254
253
253
252
252
253
254
255
255
255
255
255
254
253
251
251
252
253
254
254
255
255
255
255
255
255
255
255
255
255
255
255
255
255
255
255
255
255
255
255
255
255
255
255
255
255
255
255
255
255
255
255
255
255
255
255
255
255
255
255
255
255
255
255
255
255
255
255
255
255
255
255
255
255
255
254
253
252
250
250
250
252
253
254
255
255
255
255
254
254
254
254
254
254
255
255
255
255
254
254
254
254
254
254
254
254
254
255
255
255
255
255
253
252
250
250
251
252
253
254
255
255
255
255
255
255
255
255
255
255
255
255
255
255
255
255
255
255
255
255
255
255
255
255
255
255
255
255
255
255
255
255
255
255
255
255
255
255
255
255
255
255
255
255
255
255
255
255
255
255
255
255
255
255
255
254
253
252
250
250
250
252
253
254
255
255
255
255
255
255
255
255
255
255
255
255
255
255
255
255
255
255
255
255
255
255
255
255
255
255
255
255
253
252
250
250
251
252
253
254
255
255
255
255
255
255
255
255
255
255
255
255
255
255
255
255
255
255
255
255
255
255
255
255
255
255
255
255
255
255
255
255
255
255
255
255
255
255
255
255
255
255
255
255
255
255
255
255
255
255
255
255
255
255
255
254
253
252
249
249
249
252
253
254
255
255
255
255
255
255
255
255
255
255
255
255
255
255
255
255
255
255
255
255
255
255
255
255
255
255
255
255
253
252
249
249
251
252
253
254
255
255
255
255
255
255
255
255
255
255
255
255
255
255
255
255
255
255
255
255
255
255
255
255
255
